a = {
  [1] =     {
      Rotation= "0, 0, 0, 1, 0, 0, 0, 1, 0, 0, 0, 1",
      Action= "Place",
      Position= "20.32216453552246, 0, 1.784780502319336",
      Price= 600,
      cframe= "20.3221645, 0, 1.7847805, 1, 0, 0, 0, 1, 0, 0, 0, 1",
      Unit_Id= "1_405282",
      Unit= "Crook Boss",
    },
  [2] =     {
      Rotation= "0, 0, 0, 1, 0, 0, 0, 1, 0, 0, 0, 1",
      Action= "Place",
      Position= "37.22547912597656, 0, 35.71527862548828",
      Price= 250,
      cframe= "37.2254791, 0, 35.7152786, 1, 0, 0, 0, 1, 0, 0, 0, 1",
      Unit_Id= "1_406193",
      Unit= "Farm",
    },
  [3] =     {
      Rotation= "0, 0, 0, 1, 0, 0, 0, 1, 0, 0, 0, 1",
      Action= "Place",
      Position= "32.39372253417969, 0, 35.64105224609375",
      Price= 250,
      cframe= "32.3937225, 0, 35.6410522, 1, 0, 0, 0, 1, 0, 0, 0, 1",
      Unit_Id= "1_406298",
      Unit= "Farm",
    },
  [4] =     {
      Rotation= "0, 0, 0, 1, 0, 0, 0, 1, 0, 0, 0, 1",
      Action= "Place",
      Position= "26.98247718811035, 0, 35.83894729614258",
      Price= 250,
      cframe= "26.9824772, 0, 35.8389473, 1, 0, 0, 0, 1, 0, 0, 0, 1",
      Unit_Id= "1_406437",
      Unit= "Farm",
    },
  [5] =     {
      Rotation= "0, 0, 0, 1, 0, 0, 0, 1, 0, 0, 0, 1",
      Action= "Place",
      Position= "21.72150421142578, 0, 35.92426300048828",
      Price= 250,
      cframe= "21.7215042, 0, 35.924263, 1, 0, 0, 0, 1, 0, 0, 0, 1",
      Unit_Id= "1_406535",
      Unit= "Farm",
    },
  [6] =     {
      Rotation= "0, 0, 0, 1, 0, 0, 0, 1, 0, 0, 0, 1",
      Action= "Place",
      Position= "17.13276481628418, 0, 35.70514678955078",
      Price= 250,
      cframe= "17.1327648, 0, 35.7051468, 1, 0, 0, 0, 1, 0, 0, 0, 1",
      Unit_Id= "1_406665",
      Unit= "Farm",
    },
  [7] =     {
      Rotation= "0, 0, 0, 1, 0, 0, 0, 1, 0, 0, 0, 1",
      Action= "Place",
      Position= "13.082576751708984, 0, 35.89000701904297",
      Price= 250,
      cframe= "13.0825768, 0, 35.890007, 1, 0, 0, 0, 1, 0, 0, 0, 1",
      Unit_Id= "1_406793",
      Unit= "Farm",
    },
  [8] =     {
      Rotation= "0, 0, 0, 1, 0, 0, 0, 1, 0, 0, 0, 1",
      Action= "Place",
      Position= "8.972307205200195, 0, 36.13951873779297",
      Price= 250,
      cframe= "8.97230721, 0, 36.1395187, 1, 0, 0, 0, 1, 0, 0, 0, 1",
      Unit_Id= "1_406920",
      Unit= "Farm",
    },
  [9] =     {
      Rotation= "0, 0, 0, 1, 0, 0, 0, 1, 0, 0, 0, 1",
      Action= "Place",
      Position= "4.356997013092041, 0, 35.612640380859375",
      Price= 250,
      cframe= "4.35699701, 0, 35.6126404, 1, 0, 0, 0, 1, 0, 0, 0, 1",
      Unit_Id= "1_407017",
      Unit= "Farm",
    },
  [10] =     {
      Action= "Upgrade",
      Stamp= "20.32216453552246, 1.350000023841858, 1.784780502319336",
      Price= "275",
      cframe= "20.3221645, 1.35000002, 1.7847805, 0.76396364, 0, -0.64525938, -0, 1, -0, 0.64525944, 0, 0.763963521",
      Unit_Id= "1_405282",
      Unit= "Golden",
    },
  [11] =     {
      Action= "Upgrade",
      Stamp= "26.98247718811035, 1.125, 35.83894729614258",
      Price= "200",
      cframe= "26.9824772, 1.125, 35.8389473, 1, 0, 0, 0, 1, 0, 0, 0, 1",
      Unit_Id= "1_406437",
      Unit= "Arcade",
    },
  [12] =     {
      Action= "Upgrade",
      Stamp= "32.39372253417969, 1.125, 35.64105224609375",
      Price= "200",
      cframe= "32.3937225, 1.125, 35.6410522, 1, 0, 0, 0, 1, 0, 0, 0, 1",
      Unit_Id= "1_406298",
      Unit= "Arcade",
    },
  [13] =     {
      Action= "Upgrade",
      Stamp= "37.22547912597656, 1.125, 35.71527862548828",
      Price= "200",
      cframe= "37.2254791, 1.125, 35.7152786, 1, 0, 0, 0, 1, 0, 0, 0, 1",
      Unit_Id= "1_406193",
      Unit= "Arcade",
    },
  [14] =     {
      Action= "Upgrade",
      Stamp= "21.72150421142578, 1.125, 35.92426300048828",
      Price= "200",
      cframe= "21.7215042, 1.125, 35.924263, 1, 0, 0, 0, 1, 0, 0, 0, 1",
      Unit_Id= "1_406535",
      Unit= "Arcade",
    },
  [15] =     {
      Action= "Upgrade",
      Stamp= "17.13276481628418, 1.125, 35.70514678955078",
      Price= "200",
      cframe= "17.1327648, 1.125, 35.7051468, 1, 0, 0, 0, 1, 0, 0, 0, 1",
      Unit_Id= "1_406665",
      Unit= "Arcade",
    },
  [16] =     {
      Action= "Upgrade",
      Stamp= "13.082576751708984, 1.125, 35.89000701904297",
      Price= "200",
      cframe= "13.0825768, 1.125, 35.890007, 1, 0, 0, 0, 1, 0, 0, 0, 1",
      Unit_Id= "1_406793",
      Unit= "Arcade",
    },
  [17] =     {
      Action= "Upgrade",
      Stamp= "8.972307205200195, 1.125, 36.13951873779297",
      Price= "200",
      cframe= "8.97230721, 1.125, 36.1395187, 1, 0, 0, 0, 1, 0, 0, 0, 1",
      Unit_Id= "1_406920",
      Unit= "Arcade",
    },
  [18] =     {
      Action= "Upgrade",
      Stamp= "4.356997013092041, 1.125, 35.612640380859375",
      Price= "200",
      cframe= "4.35699701, 1.125, 35.6126404, 1, 0, 0, 0, 1, 0, 0, 0, 1",
      Unit_Id= "1_407017",
      Unit= "Arcade",
    },
  [19] =     {
      Action= "Upgrade",
      Stamp= "4.356997013092041, 1.125, 35.612640380859375",
      Price= "550",
      cframe= "4.35699701, 1.125, 35.6126404, 1, 0, 0, 0, 1, 0, 0, 0, 1",
      Unit_Id= "1_407017",
      Unit= "Arcade",
    },
  [20] =     {
      Action= "Upgrade",
      Stamp= "20.32216453552246, 1.350000023841858, 1.784780502319336",
      Price= "1,050",
      cframe= "20.3221645, 1.35000002, 1.7847805, -0.691345155, -0, -0.722524703, -0, 1, -0, 0.722524703, 0, -0.691345155",
      Unit_Id= "1_405282",
      Unit= "Golden",
    },
  [21] =     {
      Action= "Upgrade",
      Stamp= "8.972307205200195, 1.125, 36.13951873779297",
      Price= "550",
      cframe= "8.97230721, 1.125, 36.1395187, 1, 0, 0, 0, 1, 0, 0, 0, 1",
      Unit_Id= "1_406920",
      Unit= "Arcade",
    },
  [22] =     {
      Action= "Upgrade",
      Stamp= "13.082576751708984, 1.125, 35.89000701904297",
      Price= "550",
      cframe= "13.0825768, 1.125, 35.890007, 1, 0, 0, 0, 1, 0, 0, 0, 1",
      Unit_Id= "1_406793",
      Unit= "Arcade",
    },
  [23] =     {
      Action= "Upgrade",
      Stamp= "17.13276481628418, 1.125, 35.70514678955078",
      Price= "550",
      cframe= "17.1327648, 1.125, 35.7051468, 1, 0, 0, 0, 1, 0, 0, 0, 1",
      Unit_Id= "1_406665",
      Unit= "Arcade",
    },
  [24] =     {
      Action= "Upgrade",
      Stamp= "21.72150421142578, 1.125, 35.92426300048828",
      Price= "550",
      cframe= "21.7215042, 1.125, 35.924263, 1, 0, 0, 0, 1, 0, 0, 0, 1",
      Unit_Id= "1_406535",
      Unit= "Arcade",
    },
  [25] =     {
      Action= "Upgrade",
      Stamp= "26.98247718811035, 1.125, 35.83894729614258",
      Price= "550",
      cframe= "26.9824772, 1.125, 35.8389473, 1, 0, 0, 0, 1, 0, 0, 0, 1",
      Unit_Id= "1_406437",
      Unit= "Arcade",
    },
  [26] =     {
      Action= "Upgrade",
      Stamp= "32.39372253417969, 1.125, 35.64105224609375",
      Price= "550",
      cframe= "32.3937225, 1.125, 35.6410522, 1, 0, 0, 0, 1, 0, 0, 0, 1",
      Unit_Id= "1_406298",
      Unit= "Arcade",
    },
  [27] =     {
      Action= "Upgrade",
      Stamp= "37.22547912597656, 1.125, 35.71527862548828",
      Price= "550",
      cframe= "37.2254791, 1.125, 35.7152786, 1, 0, 0, 0, 1, 0, 0, 0, 1",
      Unit_Id= "1_406193",
      Unit= "Arcade",
    },
  [28] =     {
      Action= "Upgrade",
      Stamp= "4.356997013092041, 1.125, 35.612640380859375",
      Price= "1,000",
      cframe= "4.35699701, 1.125, 35.6126404, 1, 0, 0, 0, 1, 0, 0, 0, 1",
      Unit_Id= "1_407017",
      Unit= "Arcade",
    },
  [29] =     {
      Action= "Upgrade",
      Stamp= "8.972307205200195, 1.125, 36.13951873779297",
      Price= "1,000",
      cframe= "8.97230721, 1.125, 36.1395187, 1, 0, 0, 0, 1, 0, 0, 0, 1",
      Unit_Id= "1_406920",
      Unit= "Arcade",
    },
  [30] =     {
      Action= "Upgrade",
      Stamp= "13.082576751708984, 1.125, 35.89000701904297",
      Price= "1,000",
      cframe= "13.0825768, 1.125, 35.890007, 1, 0, 0, 0, 1, 0, 0, 0, 1",
      Unit_Id= "1_406793",
      Unit= "Arcade",
    },
  [31] =     {
      Action= "Upgrade",
      Stamp= "17.13276481628418, 1.125, 35.70514678955078",
      Price= "1,000",
      cframe= "17.1327648, 1.125, 35.7051468, 1, 0, 0, 0, 1, 0, 0, 0, 1",
      Unit_Id= "1_406665",
      Unit= "Arcade",
    },
  [32] =     {
      Action= "Upgrade",
      Stamp= "21.72150421142578, 1.125, 35.92426300048828",
      Price= "1,000",
      cframe= "21.7215042, 1.125, 35.924263, 1, 0, 0, 0, 1, 0, 0, 0, 1",
      Unit_Id= "1_406535",
      Unit= "Arcade",
    },
  [33] =     {
      Action= "Upgrade",
      Stamp= "26.98247718811035, 1.125, 35.83894729614258",
      Price= "1,000",
      cframe= "26.9824772, 1.125, 35.8389473, 1, 0, 0, 0, 1, 0, 0, 0, 1",
      Unit_Id= "1_406437",
      Unit= "Arcade",
    },
  [34] =     {
      Action= "Upgrade",
      Stamp= "32.39372253417969, 1.125, 35.64105224609375",
      Price= "1,000",
      cframe= "32.3937225, 1.125, 35.6410522, 1, 0, 0, 0, 1, 0, 0, 0, 1",
      Unit_Id= "1_406298",
      Unit= "Arcade",
    },
  [35] =     {
      Action= "Upgrade",
      Stamp= "37.22547912597656, 1.125, 35.71527862548828",
      Price= "1,000",
      cframe= "37.2254791, 1.125, 35.7152786, 1, 0, 0, 0, 1, 0, 0, 0, 1",
      Unit_Id= "1_406193",
      Unit= "Arcade",
    },
  [36] =     {
      Rotation= "0, 0, 0, 1, 0, 0, 0, 1, 0, 0, 0, 1",
      Action= "Place",
      Position= "19.129196166992188, 0, -3.3759241104125977",
      Price= 200,
      cframe= "19.1291962, 0, -3.37592411, 1, 0, 0, 0, 1, 0, 0, 0, 1",
      Unit_Id= "1_407648",
      Unit= "Scout",
    },
  [37] =     {
      Action= "Upgrade",
      Stamp= "19.129196166992188, 1.3499999046325684, -3.3759241104125977",
      Price= "125",
      cframe= "19.1291962, 1.3499999, -3.37592411, 0.952471793, 0, 0.304627031, -0, 1, -0, -0.304627061, 0, 0.952471673",
      Unit_Id= "1_407648",
      Unit= "Golden",
    },
  [38] =     {
      Action= "Upgrade",
      Stamp= "19.129196166992188, 1.3499999046325684, -3.3759241104125977",
      Price= "500",
      cframe= "19.1291962, 1.3499999, -3.37592411, 0.893232167, 0, 0.449595839, -0, 1, -0, -0.449595898, 0, 0.893232048",
      Unit_Id= "1_407648",
      Unit= "Golden",
    },
  [39] =     {
      Action= "Upgrade",
      Stamp= "19.129196166992188, 1.3499999046325684, -3.3759241104125977",
      Price= "1,500",
      cframe= "19.1291962, 1.3499999, -3.37592411, 0.896246254, 0, 0.443556905, -0, 1.00000012, -0, -0.443556905, 0, 0.896246254",
      Unit_Id= "1_407648",
      Unit= "Golden",
    },
  [40] =     {
      Action= "Upgrade",
      Stamp= "4.356997013092041, 1.125, 35.612640380859375",
      Price= "2,500",
      cframe= "4.35699701, 1.125, 35.6126404, 1, 0, 0, 0, 1, 0, 0, 0, 1",
      Unit_Id= "1_407017",
      Unit= "Arcade",
    },
  [41] =     {
      Action= "Upgrade",
      Stamp= "8.972307205200195, 1.125, 36.13951873779297",
      Price= "2,500",
      cframe= "8.97230721, 1.125, 36.1395187, 1, 0, 0, 0, 1, 0, 0, 0, 1",
      Unit_Id= "1_406920",
      Unit= "Arcade",
    },
  [42] =     {
      Action= "Upgrade",
      Stamp= "13.082576751708984, 1.125, 35.89000701904297",
      Price= "2,500",
      cframe= "13.0825768, 1.125, 35.890007, 1, 0, 0, 0, 1, 0, 0, 0, 1",
      Unit_Id= "1_406793",
      Unit= "Arcade",
    },
  [43] =     {
      Action= "Upgrade",
      Stamp= "17.13276481628418, 1.125, 35.70514678955078",
      Price= "2,500",
      cframe= "17.1327648, 1.125, 35.7051468, 1, 0, 0, 0, 1, 0, 0, 0, 1",
      Unit_Id= "1_406665",
      Unit= "Arcade",
    },
  [44] =     {
      Action= "Upgrade",
      Stamp= "21.72150421142578, 1.125, 35.92426300048828",
      Price= "2,500",
      cframe= "21.7215042, 1.125, 35.924263, 1, 0, 0, 0, 1, 0, 0, 0, 1",
      Unit_Id= "1_406535",
      Unit= "Arcade",
    },
  [45] =     {
      Action= "Upgrade",
      Stamp= "26.98247718811035, 1.125, 35.83894729614258",
      Price= "2,500",
      cframe= "26.9824772, 1.125, 35.8389473, 1, 0, 0, 0, 1, 0, 0, 0, 1",
      Unit_Id= "1_406437",
      Unit= "Arcade",
    },
  [46] =     {
      Action= "Upgrade",
      Stamp= "32.39372253417969, 1.125, 35.64105224609375",
      Price= "2,500",
      cframe= "32.3937225, 1.125, 35.6410522, 1, 0, 0, 0, 1, 0, 0, 0, 1",
      Unit_Id= "1_406298",
      Unit= "Arcade",
    },
  [47] =     {
      Action= "Upgrade",
      Stamp= "37.22547912597656, 1.125, 35.71527862548828",
      Price= "2,500",
      cframe= "37.2254791, 1.125, 35.7152786, 1, 0, 0, 0, 1, 0, 0, 0, 1",
      Unit_Id= "1_406193",
      Unit= "Arcade",
    },
  [48] =     {
      Rotation= "0, 0, 0, 1, 0, 0, 0, 1, 0, 0, 0, 1",
      Action= "Place",
      Position= "14.445645332336426, 0, -5.973965644836426",
      Price= 650,
      cframe= "14.4456453, 0, -5.97396564, 1, 0, 0, 0, 1, 0, 0, 0, 1",
      Unit_Id= "1_408543",
      Unit= "Commander",
    },
  [49] =     {
      Action= "Upgrade",
      Stamp= "14.445645332336426, 1.899999976158142, -5.973965644836426",
      Price= "850",
      cframe= "14.4456453, 1.89999998, -5.97396564, 1, 0, 0, 0, 1, 0, 0, 0, 1",
      Unit_Id= "1_408543",
      Unit= "Maid",
    },
  [50] =     {
      Rotation= "0, 0, 0, 1, 0, 0, 0, 1, 0, 0, 0, 1",
      Action= "Place",
      Position= "22.017210006713867, 0, -4.408010959625244",
      Price= 3000,
      cframe= "22.01721, 0, -4.40801096, 1, 0, 0, 0, 1, 0, 0, 0, 1",
      Unit_Id= "1_408878",
      Unit= "Minigunner",
    },
  [51] =     {
      Action= "Upgrade",
      Stamp= "22.017210006713867, 1.350000023841858, -4.408010959625244",
      Price= "750",
      cframe= "22.01721, 1.35000002, -4.40801096, -0.852114916, -0, -0.523354828, -0, 1, -0, 0.523354888, 0, -0.852114797",
      Unit_Id= "1_408878",
      Unit= "Pumpkin",
    },
  [52] =     {
      Action= "Upgrade",
      Stamp= "22.017210006713867, 1.350000023841858, -4.408010959625244",
      Price= "2,000",
      cframe= "22.01721, 1.35000002, -4.40801096, -0.852114916, -0, -0.523354828, -0, 1, -0, 0.523354888, 0, -0.852114797",
      Unit_Id= "1_408878",
      Unit= "Pumpkin",
    },
  [53] =     {
      Rotation= "0, 0, 0, 1, 0, 0, 0, 1, 0, 0, 0, 1",
      Action= "Place",
      Position= "15.677898406982422, 0, 1.827873706817627",
      Price= 3000,
      cframe= "15.6778984, 0, 1.82787371, 1, 0, 0, 0, 1, 0, 0, 0, 1",
      Unit_Id= "1_409197",
      Unit= "Minigunner",
    },
  [54] =     {
      Action= "Upgrade",
      Stamp= "15.677898406982422, 1.350000023841858, 1.827873706817627",
      Price= "750",
      cframe= "15.6778984, 1.35000002, 1.82787371, 1, 0, 0, 0, 1, 0, 0, 0, 1",
      Unit_Id= "1_409197",
      Unit= "Pumpkin",
    },
  [55] =     {
      Action= "Upgrade",
      Stamp= "15.677898406982422, 1.350000023841858, 1.827873706817627",
      Price= "2,000",
      cframe= "15.6778984, 1.35000002, 1.82787371, 1, 0, 0, 0, 1, 0, 0, 0, 1",
      Unit_Id= "1_409197",
      Unit= "Pumpkin",
    },
  [56] =     {
      Rotation= "0, 0, 0, 1, 0, 0, 0, 1, 0, 0, 0, 1",
      Action= "Place",
      Position= "12.612677574157715, 0, 3.4082870483398438",
      Price= 3000,
      cframe= "12.6126776, 0, 3.40828705, 1, 0, 0, 0, 1, 0, 0, 0, 1",
      Unit_Id= "1_409414",
      Unit= "Minigunner",
    },
  [57] =     {
      Action= "Upgrade",
      Stamp= "12.612677574157715, 1.350000023841858, 3.4082870483398438",
      Price= "750",
      cframe= "12.6126776, 1.35000002, 3.40828705, 1, 0, 0, 0, 1, 0, 0, 0, 1",
      Unit_Id= "1_409414",
      Unit= "Pumpkin",
    },
  [58] =     {
      Action= "Upgrade",
      Stamp= "12.612677574157715, 1.350000023841858, 3.4082870483398438",
      Price= "2,000",
      cframe= "12.6126776, 1.35000002, 3.40828705, 0.563593805, 0, 0.826052129, -0, 1.00000012, -0, -0.826052129, 0, 0.563593805",
      Unit_Id= "1_409414",
      Unit= "Pumpkin",
    },
  [59] =     {
      Rotation= "0, 0, 0, 1, 0, 0, 0, 1, 0, 0, 0, 1",
      Action= "Place",
      Position= "14.73918628692627, 0, -1.0956134796142578",
      Price= 3000,
      cframe= "14.7391863, 0, -1.09561348, 1, 0, 0, 0, 1, 0, 0, 0, 1",
      Unit_Id= "1_409811",
      Unit= "Minigunner",
    },
  [60] =     {
      Action= "Upgrade",
      Stamp= "14.73918628692627, 1.350000023841858, -1.0956134796142578",
      Price= "750",
      cframe= "14.7391863, 1.35000002, -1.09561348, 0.237120405, 0, 0.97148025, -0, 1.00000012, -0, -0.97148037, 0, 0.237120375",
      Unit_Id= "1_409811",
      Unit= "Pumpkin",
    },
  [61] =     {
      Action= "Upgrade",
      Stamp= "14.73918628692627, 1.350000023841858, -1.0956134796142578",
      Price= "2,000",
      cframe= "14.7391863, 1.35000002, -1.09561348, 0.280700862, 0, 0.959795296, -0, 1, -0, -0.959795296, 0, 0.280700862",
      Unit_Id= "1_409811",
      Unit= "Pumpkin",
    },
  [62] =     {
      Rotation= "0, 0, 0, 1, 0, 0, 0, 1, 0, 0, 0, 1",
      Action= "Place",
      Position= "11.91107177734375, 0, 0.036002159118652344",
      Price= 3000,
      cframe= "11.9110718, 0, 0.0360021591, 1, 0, 0, 0, 1, 0, 0, 0, 1",
      Unit_Id= "1_410171",
      Unit= "Minigunner",
    },
  [63] =     {
      Action= "Upgrade",
      Stamp= "11.91107177734375, 1.350000023841858, 0.036002159118652344",
      Price= "750",
      cframe= "11.9110718, 1.35000002, 0.0360021591, 1, 0, 0, 0, 1, 0, 0, 0, 1",
      Unit_Id= "1_410171",
      Unit= "Pumpkin",
    },
  [64] =     {
      Action= "Upgrade",
      Stamp= "11.91107177734375, 1.350000023841858, 0.036002159118652344",
      Price= "2,000",
      cframe= "11.9110718, 1.35000002, 0.0360021591, 0.293086886, 0, 0.956085801, -0, 1.00000012, -0, -0.95608592, 0, 0.293086857",
      Unit_Id= "1_410171",
      Unit= "Pumpkin",
    },
  [65] =     {
      Rotation= "0, 0, 0, 1, 0, 0, 0, 1, 0, 0, 0, 1",
      Action= "Place",
      Position= "9.53552532196045, 0, 2.0372314453125",
      Price= 3000,
      cframe= "9.53552532, 0, 2.03723145, 1, 0, 0, 0, 1, 0, 0, 0, 1",
      Unit_Id= "1_410441",
      Unit= "Minigunner",
    },
  [66] =     {
      Action= "Upgrade",
      Stamp= "9.53552532196045, 1.350000023841858, 2.0372314453125",
      Price= "750",
      cframe= "9.53552532, 1.35000002, 2.03723145, 0.461678356, 0, 0.88704735, -0, 1, -0, -0.88704747, 0, 0.461678296",
      Unit_Id= "1_410441",
      Unit= "Pumpkin",
    },
  [67] =     {
      Action= "Upgrade",
      Stamp= "9.53552532196045, 1.350000023841858, 2.0372314453125",
      Price= "2,000",
      cframe= "9.53552532, 1.35000002, 2.03723145, 0.380078256, 0, 0.924954355, -0, 1, -0, -0.924954355, 0, 0.380078256",
      Unit_Id= "1_410441",
      Unit= "Pumpkin",
    },
  [68] =     {
      Action= "Upgrade",
      Stamp= "14.445645332336426, 1.899999976158142, -5.973965644836426",
      Price= "1,800",
      cframe= "14.4456453, 1.89999998, -5.97396564, 1, 0, 0, 0, 1, 0, 0, 0, 1",
      Unit_Id= "1_408543",
      Unit= "Maid",
    },
  [69] =     {
      Action= "Upgrade",
      Stamp= "37.22547912597656, 1.125, 35.71527862548828",
      Price= "5,000",
      cframe= "37.2254791, 1.125, 35.7152786, 1, 0, 0, 0, 1, 0, 0, 0, 1",
      Unit_Id= "1_406193",
      Unit= "Arcade",
    },
  [70] =     {
      Action= "Upgrade",
      Stamp= "32.39372253417969, 1.125, 35.64105224609375",
      Price= "5,000",
      cframe= "32.3937225, 1.125, 35.6410522, 1, 0, 0, 0, 1, 0, 0, 0, 1",
      Unit_Id= "1_406298",
      Unit= "Arcade",
    },
  [71] =     {
      Action= "Upgrade",
      Stamp= "26.98247718811035, 1.125, 35.83894729614258",
      Price= "5,000",
      cframe= "26.9824772, 1.125, 35.8389473, 1, 0, 0, 0, 1, 0, 0, 0, 1",
      Unit_Id= "1_406437",
      Unit= "Arcade",
    },
  [72] =     {
      Action= "Upgrade",
      Stamp= "21.72150421142578, 1.125, 35.92426300048828",
      Price= "5,000",
      cframe= "21.7215042, 1.125, 35.924263, 1, 0, 0, 0, 1, 0, 0, 0, 1",
      Unit_Id= "1_406535",
      Unit= "Arcade",
    },
  [73] =     {
      Action= "Upgrade",
      Stamp= "14.445645332336426, 1.899999976158142, -5.973965644836426",
      Price= "5,500",
      cframe= "14.4456453, 1.89999998, -5.97396564, 1, 0, 0, 0, 1, 0, 0, 0, 1",
      Unit_Id= "1_408543",
      Unit= "Maid",
    },
  [74] =     {
      Action= "Upgrade",
      Stamp= "14.445645332336426, 1.899999976158142, -5.973965644836426",
      Price= "9,000",
      cframe= "14.4456453, 1.89999998, -5.97396564, 1, 0, 0, 0, 1, 0, 0, 0, 1",
      Unit_Id= "1_408543",
      Unit= "Maid",
    },
  [75] =     {
      Action= "Upgrade",
      Stamp= "11.91107177734375, 1.350000023841858, 0.036002159118652344",
      Price= "7,500",
      cframe= "11.9110718, 1.35000002, 0.0360021591, 0.475858301, 0, 0.879521966, -0, 1, -0, -0.879521966, 0, 0.475858301",
      Unit_Id= "1_410171",
      Unit= "Pumpkin",
    },
  [76] =     {
      Rotation= "0, 0, 0, 1, 0, 0, 0, 1, 0, 0, 0, 1",
      Action= "Place",
      Position= "19.427379608154297, 0, -6.632576942443848",
      Price= 3000,
      cframe= "19.4273796, 0, -6.63257694, 1, 0, 0, 0, 1, 0, 0, 0, 1",
      Unit_Id= "1_411624",
      Unit= "Minigunner",
    },
  [77] =     {
      Action= "Upgrade",
      Stamp= "19.427379608154297, 1.350000023841858, -6.632576942443848",
      Price= "750",
      cframe= "19.4273796, 1.35000002, -6.63257694, 1, 0, 0, 0, 1, 0, 0, 0, 1",
      Unit_Id= "1_411624",
      Unit= "Pumpkin",
    },
  [78] =     {
      Action= "Upgrade",
      Stamp= "19.427379608154297, 1.350000023841858, -6.632576942443848",
      Price= "2,000",
      cframe= "19.4273796, 1.35000002, -6.63257694, 1, 0, 0, 0, 1, 0, 0, 0, 1",
      Unit_Id= "1_411624",
      Unit= "Pumpkin",
    },
  [79] =     {
      Action= "Upgrade",
      Stamp= "19.427379608154297, 1.350000023841858, -6.632576942443848",
      Price= "7,500",
      cframe= "19.4273796, 1.35000002, -6.63257694, 1, 0, 0, 0, 1, 0, 0, 0, 1",
      Unit_Id= "1_411624",
      Unit= "Pumpkin",
    },
  [80] =     {
      Action= "Upgrade",
      Stamp= "19.427379608154297, 1.350000023841858, -6.632576942443848",
      Price= "10,000",
      cframe= "19.4273796, 1.35000002, -6.63257694, 1, 0, 0, 0, 1, 0, 0, 0, 1",
      Unit_Id= "1_411624",
      Unit= "Pumpkin",
    },
  [81] =     {
      Action= "Upgrade",
      Stamp= "11.91107177734375, 1.350000023841858, 0.036002159118652344",
      Price= "10,000",
      cframe= "11.9110718, 1.35000002, 0.0360021591, 0.273817033, 0, 0.9617818, -0, 1.00000012, -0, -0.961781919, 0, 0.273817003",
      Unit_Id= "1_410171",
      Unit= "Pumpkin",
    },
  [82] =     {
      Action= "Upgrade",
      Stamp= "15.677898406982422, 1.350000023841858, 1.827873706817627",
      Price= "7,500",
      cframe= "15.6778984, 1.35000002, 1.82787371, 0.339445114, 0, 0.940625906, -0, 1, -0, -0.940625906, 0, 0.339445114",
      Unit_Id= "1_409197",
      Unit= "Pumpkin",
    },
  [83] =     {
      Action= "Upgrade",
      Stamp= "15.677898406982422, 1.350000023841858, 1.827873706817627",
      Price= "10,000",
      cframe= "15.6778984, 1.35000002, 1.82787371, 0.42996785, 0, 0.902844191, -0, 1, -0, -0.90284431, 0, 0.429967791",
      Unit_Id= "1_409197",
      Unit= "Pumpkin",
    },
  [84] =     {
      Action= "Upgrade",
      Stamp= "12.612677574157715, 1.350000023841858, 3.4082870483398438",
      Price= "7,500",
      cframe= "12.6126776, 1.35000002, 3.40828705, 0.459156394, 0, 0.888355494, -0, 1.00000012, -0, -0.888355494, 0, 0.459156394",
      Unit_Id= "1_409414",
      Unit= "Pumpkin",
    },
  [85] =     {
      Action= "Upgrade",
      Stamp= "12.612677574157715, 1.350000023841858, 3.4082870483398438",
      Price= "10,000",
      cframe= "12.6126776, 1.35000002, 3.40828705, 0.471745133, 0, 0.881735027, -0, 1.00000012, -0, -0.881735027, 0, 0.471745133",
      Unit_Id= "1_409414",
      Unit= "Pumpkin",
    },
  [86] =     {
      Action= "Upgrade",
      Stamp= "14.73918628692627, 1.350000023841858, -1.0956134796142578",
      Price= "7,500",
      cframe= "14.7391863, 1.35000002, -1.09561348, 0.193043813, 0, 0.981190145, -0, 1, -0, -0.981190145, 0, 0.193043813",
      Unit_Id= "1_409811",
      Unit= "Pumpkin",
    },
  [87] =     {
      Action= "Upgrade",
      Stamp= "22.017210006713867, 1.350000023841858, -4.408010959625244",
      Price= "7,500",
      cframe= "22.01721, 1.35000002, -4.40801096, 0.0155888945, 0, 0.999878407, -0, 0.99999994, -0, -0.999878526, 0, 0.0155888926",
      Unit_Id= "1_408878",
      Unit= "Pumpkin",
    },
  [88] =     {
      Action= "Upgrade",
      Stamp= "22.017210006713867, 1.350000023841858, -4.408010959625244",
      Price= "10,000",
      cframe= "22.01721, 1.35000002, -4.40801096, 0.0155888945, 0, 0.999878407, -0, 0.99999994, -0, -0.999878526, 0, 0.0155888926",
      Unit_Id= "1_408878",
      Unit= "Pumpkin",
    },
  [89] =     {
      Action= "Upgrade",
      Stamp= "9.53552532196045, 1.350000023841858, 2.0372314453125",
      Price= "7,500",
      cframe= "9.53552532, 1.35000002, 2.03723145, 0.477738976, 0, 0.878501832, -0, 1, -0, -0.878501832, 0, 0.477738976",
      Unit_Id= "1_410441",
      Unit= "Pumpkin",
    },
  [90] =     {
      Action= "Upgrade",
      Stamp= "9.53552532196045, 1.350000023841858, 2.0372314453125",
      Price= "10,000",
      cframe= "9.53552532, 1.35000002, 2.03723145, 0.487660468, 0, 0.873033404, -0, 1, -0, -0.873033404, 0, 0.487660468",
      Unit_Id= "1_410441",
      Unit= "Pumpkin",
    },
  [91] =     {
      Action= "Upgrade",
      Stamp= "14.73918628692627, 1.350000023841858, -1.0956134796142578",
      Price= "10,000",
      cframe= "14.7391863, 1.35000002, -1.09561348, 0.222623378, 0, 0.974904418, -0, 0.999999881, -0, -0.974904537, 0, 0.222623348",
      Unit_Id= "1_409811",
      Unit= "Pumpkin",
    },
  [92] =     {
      Action= "Upgrade",
      Stamp= "19.129196166992188, 1.3499999046325684, -3.3759241104125977",
      Price= "4,000",
      cframe= "19.1291962, 1.3499999, -3.37592411, 0.070374161, 0, 0.997520626, -0, 1, -0, -0.997520745, 0, 0.0703741536",
      Unit_Id= "1_407648",
      Unit= "Golden",
    },
  [93] =     {
      Action= "Upgrade",
      Stamp= "20.32216453552246, 1.350000023841858, 1.784780502319336",
      Price= "3,250",
      cframe= "20.3221645, 1.35000002, 1.7847805, -0.54793638, 0, 0.836520076, 0, 1.00000012, -0, -0.836520076, 0, -0.54793638",
      Unit_Id= "1_405282",
      Unit= "Golden",
    },
  [94] =     {
      Action= "Upgrade",
      Stamp= "20.32216453552246, 1.350000023841858, 1.784780502319336",
      Price= "8,500",
      cframe= "20.3221645, 1.35000002, 1.7847805, -0.54793638, 0, 0.836520076, 0, 1.00000012, -0, -0.836520076, 0, -0.54793638",
      Unit_Id= "1_405282",
      Unit= "Golden",
    },
  [95] =     {
      Rotation= "0, 0, 0, 1, 0, 0, 0, 1, 0, 0, 0, 1",
      Action= "Place",
      Position= "12.255590438842773, 0, -3.5288305282592773",
      Price= 3000,
      cframe= "12.2555904, 0, -3.52883053, 1, 0, 0, 0, 1, 0, 0, 0, 1",
      Unit_Id= "1_413936",
      Unit= "Minigunner",
    },
  [96] =     {
      Action= "Upgrade",
      Stamp= "12.255590438842773, 1.350000023841858, -3.5288305282592773",
      Price= "750",
      cframe= "12.2555904, 1.35000002, -3.52883053, 0.0151525354, 0, 0.999885201, -0, 1, -0, -0.999885201, 0, 0.0151525354",
      Unit_Id= "1_413936",
      Unit= "Pumpkin",
    },
  [97] =     {
      Action= "Upgrade",
      Stamp= "12.255590438842773, 1.350000023841858, -3.5288305282592773",
      Price= "2,000",
      cframe= "12.2555904, 1.35000002, -3.52883053, -0.162569702, 0, 0.986697078, 0, 1, -0, -0.986697078, 0, -0.162569702",
      Unit_Id= "1_413936",
      Unit= "Pumpkin",
    },
  [98] =     {
      Action= "Upgrade",
      Stamp= "12.255590438842773, 1.350000023841858, -3.5288305282592773",
      Price= "7,500",
      cframe= "12.2555904, 1.35000002, -3.52883053, -0.146396145, 0, 0.989226043, 0, 1.00000012, -0, -0.989226162, 0, -0.14639613",
      Unit_Id= "1_413936",
      Unit= "Pumpkin",
    },
  [99] =     {
      Action= "Upgrade",
      Stamp= "12.255590438842773, 1.350000023841858, -3.5288305282592773",
      Price= "10,000",
      cframe= "12.2555904, 1.35000002, -3.52883053, -0.187846914, 0, 0.982198298, 0, 1, -0, -0.982198298, 0, -0.187846914",
      Unit_Id= "1_413936",
      Unit= "Pumpkin",
    },
  [100] =     {
      Rotation= "0, 0, 0, 1, 0, 0, 0, 1, 0, 0, 0, 1",
      Action= "Place",
      Position= "9.405479431152344, 0, -2.0827388763427734",
      Price= 3000,
      cframe= "9.40547943, 0, -2.08273888, 1, 0, 0, 0, 1, 0, 0, 0, 1",
      Unit_Id= "1_414247",
      Unit= "Minigunner",
    },
  [101] =     {
      Action= "Upgrade",
      Stamp= "9.405479431152344, 1.350000023841858, -2.0827388763427734",
      Price= "750",
      cframe= "9.40547943, 1.35000002, -2.08273888, 1, 0, 0, 0, 1, 0, 0, 0, 1",
      Unit_Id= "1_414247",
      Unit= "Pumpkin",
    },
  [102] =     {
      Action= "Upgrade",
      Stamp= "9.405479431152344, 1.350000023841858, -2.0827388763427734",
      Price= "2,000",
      cframe= "9.40547943, 1.35000002, -2.08273888, 0.144523352, 0, 0.989501417, -0, 1, -0, -0.989501417, 0, 0.144523352",
      Unit_Id= "1_414247",
      Unit= "Pumpkin",
    },
  [103] =     {
      Action= "Upgrade",
      Stamp= "9.405479431152344, 1.350000023841858, -2.0827388763427734",
      Price= "7,500",
      cframe= "9.40547943, 1.35000002, -2.08273888, 0.186242372, 0, 0.982503831, -0, 1, -0, -0.982503831, 0, 0.186242372",
      Unit_Id= "1_414247",
      Unit= "Pumpkin",
    },
  [104] =     {
      Action= "Upgrade",
      Stamp= "9.405479431152344, 1.350000023841858, -2.0827388763427734",
      Price= "10,000",
      cframe= "9.40547943, 1.35000002, -2.08273888, 0.261764944, 0, 0.96513176, -0, 1.00000012, -0, -0.96513164, 0, 0.261764973",
      Unit_Id= "1_414247",
      Unit= "Pumpkin",
    },
  [105] =     {
      Rotation= "0, 0, 0, 1, 0, 0, 0, 1, 0, 0, 0, 1",
      Action= "Place",
      Position= "19.558216094970703, 0, 5.230341911315918",
      Price= 600,
      cframe= "19.5582161, 0, 5.23034191, 1, 0, 0, 0, 1, 0, 0, 0, 1",
      Unit_Id= "1_414646",
      Unit= "Crook Boss",
    },
  [106] =     {
      Action= "Upgrade",
      Stamp= "19.558216094970703, 1.350000023841858, 5.230341911315918",
      Price= "275",
      cframe= "19.5582161, 1.35000002, 5.23034191, 1, 0, 0, 0, 1, 0, 0, 0, 1",
      Unit_Id= "1_414646",
      Unit= "Golden",
    },
  [107] =     {
      Action= "Upgrade",
      Stamp= "19.558216094970703, 1.350000023841858, 5.230341911315918",
      Price= "1,050",
      cframe= "19.5582161, 1.35000002, 5.23034191, 1, 0, 0, 0, 1, 0, 0, 0, 1",
      Unit_Id= "1_414646",
      Unit= "Golden",
    },
  [108] =     {
      Action= "Upgrade",
      Stamp= "19.558216094970703, 1.350000023841858, 5.230341911315918",
      Price= "3,250",
      cframe= "19.5582161, 1.35000002, 5.23034191, 1, 0, 0, 0, 1, 0, 0, 0, 1",
      Unit_Id= "1_414646",
      Unit= "Golden",
    },
  [109] =     {
      Action= "Upgrade",
      Stamp= "19.558216094970703, 1.350000023841858, 5.230341911315918",
      Price= "8,500",
      cframe= "19.5582161, 1.35000002, 5.23034191, 1, 0, 0, 0, 1, 0, 0, 0, 1",
      Unit_Id= "1_414646",
      Unit= "Golden",
    },
  [110] =     {
      Rotation= "0, 0, 0, 1, 0, 0, 0, 1, 0, 0, 0, 1",
      Action= "Place",
      Position= "10.448829650878906, 0, -6.2338762283325195",
      Price= 600,
      cframe= "10.4488297, 0, -6.23387623, 1, 0, 0, 0, 1, 0, 0, 0, 1",
      Unit_Id= "1_414871",
      Unit= "Crook Boss",
    },
  [111] =     {
      Action= "Upgrade",
      Stamp= "10.448829650878906, 1.350000023841858, -6.2338762283325195",
      Price= "275",
      cframe= "10.4488297, 1.35000002, -6.23387623, -0.213018745, 0, 0.977048099, 0, 1.00000012, -0, -0.977048218, 0, -0.213018715",
      Unit_Id= "1_414871",
      Unit= "Golden",
    },
  [112] =     {
      Action= "Upgrade",
      Stamp= "10.448829650878906, 1.350000023841858, -6.2338762283325195",
      Price= "1,050",
      cframe= "10.4488297, 1.35000002, -6.23387623, -0.0653650761, 0, 0.997861385, 0, 1.00000012, -0, -0.997861505, 0, -0.0653650686",
      Unit_Id= "1_414871",
      Unit= "Golden",
    },
  [113] =     {
      Action= "Upgrade",
      Stamp= "10.448829650878906, 1.350000023841858, -6.2338762283325195",
      Price= "3,250",
      cframe= "10.4488297, 1.35000002, -6.23387623, -0.213226944, 0, 0.97700274, 0, 1.00000012, -0, -0.97700274, 0, -0.213226944",
      Unit_Id= "1_414871",
      Unit= "Golden",
    },
  [114] =     {
      Action= "Upgrade",
      Stamp= "10.448829650878906, 1.350000023841858, -6.2338762283325195",
      Price= "8,500",
      cframe= "10.4488297, 1.35000002, -6.23387623, -0.238095582, 0, 0.971241772, 0, 1.00000012, -0, -0.971241772, 0, -0.238095582",
      Unit_Id= "1_414871",
      Unit= "Golden",
    },
  [115] =     {
      Rotation= "0, 0, 0, 1, 0, 0, 0, 1, 0, 0, 0, 1",
      Action= "Place",
      Position= "7.223883152008057, 0, -6.1162614822387695",
      Price= 600,
      cframe= "7.22388315, 0, -6.11626148, 1, 0, 0, 0, 1, 0, 0, 0, 1",
      Unit_Id= "1_415254",
      Unit= "Crook Boss",
    },
  [116] =     {
      Action= "Upgrade",
      Stamp= "7.223883152008057, 1.350000023841858, -6.1162614822387695",
      Price= "275",
      cframe= "7.22388315, 1.35000002, -6.11626148, 1, 0, 0, 0, 1, 0, 0, 0, 1",
      Unit_Id= "1_415254",
      Unit= "Golden",
    },
  [117] =     {
      Action= "Upgrade",
      Stamp= "7.223883152008057, 1.350000023841858, -6.1162614822387695",
      Price= "1,050",
      cframe= "7.22388315, 1.35000002, -6.11626148, 1, 0, 0, 0, 1, 0, 0, 0, 1",
      Unit_Id= "1_415254",
      Unit= "Golden",
    },
  [118] =     {
      Action= "Upgrade",
      Stamp= "7.223883152008057, 1.350000023841858, -6.1162614822387695",
      Price= "3,250",
      cframe= "7.22388315, 1.35000002, -6.11626148, 1, 0, 0, 0, 1, 0, 0, 0, 1",
      Unit_Id= "1_415254",
      Unit= "Golden",
    },
  [119] =     {
      Action= "Upgrade",
      Stamp= "7.223883152008057, 1.350000023841858, -6.1162614822387695",
      Price= "8,500",
      cframe= "7.22388315, 1.35000002, -6.11626148, -0.415789664, 0, 0.909460843, 0, 1.00000012, -0, -0.909460843, 0, -0.415789664",
      Unit_Id= "1_415254",
      Unit= "Golden",
    },
  [120] =     {
      Rotation= "0, 0, 0, 1, 0, 0, 0, 1, 0, 0, 0, 1",
      Action= "Place",
      Position= "16.493011474609375, 0, -8.301994323730469",
      Price= 3000,
      cframe= "16.4930115, 0, -8.30199432, 1, 0, 0, 0, 1, 0, 0, 0, 1",
      Unit_Id= "1_415731",
      Unit= "Minigunner",
    },
  [121] =     {
      Action= "Upgrade",
      Stamp= "16.493011474609375, 1.350000023841858, -8.301994323730469",
      Price= "750",
      cframe= "16.4930115, 1.35000002, -8.30199432, 1, 0, 0, 0, 1, 0, 0, 0, 1",
      Unit_Id= "1_415731",
      Unit= "Pumpkin",
    },
  [122] =     {
      Action= "Upgrade",
      Stamp= "16.493011474609375, 1.350000023841858, -8.301994323730469",
      Price= "2,000",
      cframe= "16.4930115, 1.35000002, -8.30199432, 1, 0, 0, 0, 1, 0, 0, 0, 1",
      Unit_Id= "1_415731",
      Unit= "Pumpkin",
    },
  [123] =     {
      Action= "Upgrade",
      Stamp= "16.493011474609375, 1.350000023841858, -8.301994323730469",
      Price= "7,500",
      cframe= "16.4930115, 1.35000002, -8.30199432, 1, 0, 0, 0, 1, 0, 0, 0, 1",
      Unit_Id= "1_415731",
      Unit= "Pumpkin",
    },
  [124] =     {
      Action= "Upgrade",
      Stamp= "16.493011474609375, 1.350000023841858, -8.301994323730469",
      Price= "10,000",
      cframe= "16.4930115, 1.35000002, -8.30199432, 1, 0, 0, 0, 1, 0, 0, 0, 1",
      Unit_Id= "1_415731",
      Unit= "Pumpkin",
    },
  [125] =     {
      Rotation= "0, 0, 0, 1, 0, 0, 0, 1, 0, 0, 0, 1",
      Action= "Place",
      Position= "4.939942836761475, 0, -8.453537940979004",
      Price= 3000,
      cframe= "4.93994284, 0, -8.45353794, 1, 0, 0, 0, 1, 0, 0, 0, 1",
      Unit_Id= "1_416132",
      Unit= "Minigunner",
    },
  [126] =     {
      Action= "Upgrade",
      Stamp= "4.939942836761475, 1.350000023841858, -8.453537940979004",
      Price= "750",
      cframe= "4.93994284, 1.35000002, -8.45353794, -0.187230706, 0, 0.982316017, 0, 1.00000012, -0, -0.982316017, 0, -0.187230706",
      Unit_Id= "1_416132",
      Unit= "Pumpkin",
    },
  [127] =     {
      Action= "Upgrade",
      Stamp= "4.939942836761475, 1.350000023841858, -8.453537940979004",
      Price= "2,000",
      cframe= "4.93994284, 1.35000002, -8.45353794, -0.22309269, 0, 0.974797189, 0, 1, -0, -0.974797308, 0, -0.22309266",
      Unit_Id= "1_416132",
      Unit= "Pumpkin",
    },
  [128] =     {
      Action= "Upgrade",
      Stamp= "4.939942836761475, 1.350000023841858, -8.453537940979004",
      Price= "7,500",
      cframe= "4.93994284, 1.35000002, -8.45353794, -0.280921549, 0, 0.959730685, 0, 1, -0, -0.959730804, 0, -0.280921519",
      Unit_Id= "1_416132",
      Unit= "Pumpkin",
    },
  [129] =     {
      Action= "Upgrade",
      Stamp= "4.939942836761475, 1.350000023841858, -8.453537940979004",
      Price= "10,000",
      cframe= "4.93994284, 1.35000002, -8.45353794, -0.33498311, 0, 0.942224205, 0, 1.00000012, -0, -0.942224205, 0, -0.33498311",
      Unit_Id= "1_416132",
      Unit= "Pumpkin",
    },
  [130] =     {
      Rotation= "0, 0, 0, 1, 0, 0, 0, 1, 0, 0, 0, 1",
      Action= "Place",
      Position= "7.326542854309082, 0, -10.288843154907227",
      Price= 3000,
      cframe= "7.32654285, 0, -10.2888432, 1, 0, 0, 0, 1, 0, 0, 0, 1",
      Unit_Id= "1_417079",
      Unit= "Minigunner",
    },
  [131] =     {
      Action= "Upgrade",
      Stamp= "7.326542854309082, 1.350000023841858, -10.288843154907227",
      Price= "750",
      cframe= "7.32654285, 1.35000002, -10.2888432, 1, 0, 0, 0, 1, 0, 0, 0, 1",
      Unit_Id= "1_417079",
      Unit= "Pumpkin",
    },
  [132] =     {
      Action= "Upgrade",
      Stamp= "7.326542854309082, 1.350000023841858, -10.288843154907227",
      Price= "2,000",
      cframe= "7.32654285, 1.35000002, -10.2888432, 1, 0, 0, 0, 1, 0, 0, 0, 1",
      Unit_Id= "1_417079",
      Unit= "Pumpkin",
    },
  [133] =     {
      Action= "Upgrade",
      Stamp= "7.326542854309082, 1.350000023841858, -10.288843154907227",
      Price= "7,500",
      cframe= "7.32654285, 1.35000002, -10.2888432, 1, 0, 0, 0, 1, 0, 0, 0, 1",
      Unit_Id= "1_417079",
      Unit= "Pumpkin",
    },
  [134] =     {
      Action= "Upgrade",
      Stamp= "7.326542854309082, 1.350000023841858, -10.288843154907227",
      Price= "10,000",
      cframe= "7.32654285, 1.35000002, -10.2888432, 1, 0, 0, 0, 1, 0, 0, 0, 1",
      Unit_Id= "1_417079",
      Unit= "Pumpkin",
    },
  [135] =     {
      Rotation= "0, 0, 0, 1, 0, 0, 0, 1, 0, 0, 0, 1",
      Action= "Place",
      Position= "13.641593933105469, 0, -11.095715522766113",
      Price= 3000,
      cframe= "13.6415939, 0, -11.0957155, 1, 0, 0, 0, 1, 0, 0, 0, 1",
      Unit_Id= "1_417304",
      Unit= "Minigunner",
    },
  [136] =     {
      Action= "Upgrade",
      Stamp= "13.641593933105469, 1.350000023841858, -11.095715522766113",
      Price= "750",
      cframe= "13.6415939, 1.35000002, -11.0957155, 1, 0, 0, 0, 1, 0, 0, 0, 1",
      Unit_Id= "1_417304",
      Unit= "Pumpkin",
    },
  [137] =     {
      Action= "Upgrade",
      Stamp= "13.641593933105469, 1.350000023841858, -11.095715522766113",
      Price= "2,000",
      cframe= "13.6415939, 1.35000002, -11.0957155, 1, 0, 0, 0, 1, 0, 0, 0, 1",
      Unit_Id= "1_417304",
      Unit= "Pumpkin",
    },
  [138] =     {
      Action= "Upgrade",
      Stamp= "13.641593933105469, 1.350000023841858, -11.095715522766113",
      Price= "7,500",
      cframe= "13.6415939, 1.35000002, -11.0957155, 1, 0, 0, 0, 1, 0, 0, 0, 1",
      Unit_Id= "1_417304",
      Unit= "Pumpkin",
    },
  [139] =     {
      Action= "Upgrade",
      Stamp= "13.641593933105469, 1.350000023841858, -11.095715522766113",
      Price= "10,000",
      cframe= "13.6415939, 1.35000002, -11.0957155, 1, 0, 0, 0, 1, 0, 0, 0, 1",
      Unit_Id= "1_417304",
      Unit= "Pumpkin",
    },
  [140] =     {
      Rotation= "0, 0, 0, 1, 0, 0, 0, 1, 0, 0, 0, 1",
      Action= "Place",
