a = {
  [1] =     {
      Rotation= "0, 0, 0, 1, 0, 0, 0, 1, 0, 0, 0, 1",
      Action= "Place",
      Position= "23.57569122314453, -2.3498833179473877, 75.28841400146484",
      Price= 200,
      cframe= "23.5756912, -2.34988332, 75.288414, 1, 0, 0, 0, 1, 0, 0, 0, 1",
      Unit_Id= "1_406052",
      Unit= "Scout",
    },
  [2] =     {
      Rotation= "0, 0, 0, 1, 0, 0, 0, 1, 0, 0, 0, 1",
      Action= "Place",
      Position= "17.479015350341797, -2.3498833179473877, 101.063720703125",
      Price= 250,
      cframe= "17.4790154, -2.34988332, 101.063721, 1, 0, 0, 0, 1, 0, 0, 0, 1",
      Unit_Id= "1_406297",
      Unit= "Farm",
    },
  [3] =     {
      Rotation= "0, 0, 0, 1, 0, 0, 0, 1, 0, 0, 0, 1",
      Action= "Place",
      Position= "21.952835083007812, -2.3498833179473877, 100.7629623413086",
      Price= 250,
      cframe= "21.9528351, -2.34988332, 100.762962, 1, 0, 0, 0, 1, 0, 0, 0, 1",
      Unit_Id= "1_406406",
      Unit= "Farm",
    },
  [4] =     {
      Rotation= "0, 0, 0, 1, 0, 0, 0, 1, 0, 0, 0, 1",
      Action= "Place",
      Position= "26.320932388305664, -2.350029945373535, 100.55381774902344",
      Price= 250,
      cframe= "26.3209324, -2.35002995, 100.553818, 1, 0, 0, 0, 1, 0, 0, 0, 1",
      Unit_Id= "1_406535",
      Unit= "Farm",
    },
  [5] =     {
      Rotation= "0, 0, 0, 1, 0, 0, 0, 1, 0, 0, 0, 1",
      Action= "Place",
      Position= "13.314186096191406, -2.3498826026916504, 101.00176239013672",
      Price= 250,
      cframe= "13.3141861, -2.3498826, 101.001762, 1, 0, 0, 0, 1, 0, 0, 0, 1",
      Unit_Id= "1_406683",
      Unit= "Farm",
    },
  [6] =     {
      Rotation= "0, 0, 0, 1, 0, 0, 0, 1, 0, 0, 0, 1",
      Action= "Place",
      Position= "9.183391571044922, -2.3498830795288086, 101.37443542480469",
      Price= 250,
      cframe= "9.18339157, -2.34988308, 101.374435, 1, 0, 0, 0, 1, 0, 0, 0, 1",
      Unit_Id= "1_406783",
      Unit= "Farm",
    },
  [7] =     {
      Rotation= "0, 0, 0, 1, 0, 0, 0, 1, 0, 0, 0, 1",
      Action= "Place",
      Position= "8.631404876708984, -2.3498833179473877, 76.31629180908203",
      Price= 250,
      cframe= "8.63140488, -2.34988332, 76.3162918, 1, 0, 0, 0, 1, 0, 0, 0, 1",
      Unit_Id= "1_406935",
      Unit= "Farm",
    },
  [8] =     {
      Rotation= "0, 0, 0, 1, 0, 0, 0, 1, 0, 0, 0, 1",
      Action= "Place",
      Position= "8.138011932373047, -2.3498833179473877, 71.76019287109375",
      Price= 250,
      cframe= "8.13801193, -2.34988332, 71.7601929, 1, 0, 0, 0, 1, 0, 0, 0, 1",
      Unit_Id= "1_407037",
      Unit= "Farm",
    },
  [9] =     {
      Action= "Upgrade",
      Stamp= "23.57569122314453, -0.9998831748962402, 75.28841400146484",
      Price= "125",
      cframe= "23.5756912, -0.999883175, 75.288414, -0.466320544, 0, 0.884615839, 0, 1, -0, -0.884615839, 0, -0.466320544",
      Unit_Id= "1_406052",
      Unit= "Golden",
    },
  [10] =     {
      Rotation= "0, 0, 0, 1, 0, 0, 0, 1, 0, 0, 0, 1",
      Action= "Place",
      Position= "8.387165069580078, -2.3498830795288086, 67.19688415527344",
      Price= 250,
      cframe= "8.38716507, -2.34988308, 67.1968842, 1, 0, 0, 0, 1, 0, 0, 0, 1",
      Unit_Id= "1_407144",
      Unit= "Farm",
    },
  [11] =     {
      Action= "Upgrade",
      Stamp= "9.183391571044922, -1.2248830795288086, 101.37443542480469",
      Price= "200",
      cframe= "9.18339157, -1.22488308, 101.374435, 1, 0, 0, 0, 1, 0, 0, 0, 1",
      Unit_Id= "1_406783",
      Unit= "Arcade",
    },
  [12] =     {
      Action= "Upgrade",
      Stamp= "13.314186096191406, -1.2248830795288086, 101.00176239013672",
      Price= "200",
      cframe= "13.3141861, -1.22488308, 101.001762, 1, 0, 0, 0, 1, 0, 0, 0, 1",
      Unit_Id= "1_406683",
      Unit= "Arcade",
    },
  [13] =     {
      Action= "Upgrade",
      Stamp= "17.479015350341797, -1.2248830795288086, 101.063720703125",
      Price= "200",
      cframe= "17.4790154, -1.22488308, 101.063721, 1, 0, 0, 0, 1, 0, 0, 0, 1",
      Unit_Id= "1_406297",
      Unit= "Arcade",
    },
  [14] =     {
      Action= "Upgrade",
      Stamp= "21.952835083007812, -1.2248833179473877, 100.7629623413086",
      Price= "200",
      cframe= "21.9528351, -1.22488332, 100.762962, 1, 0, 0, 0, 1, 0, 0, 0, 1",
      Unit_Id= "1_406406",
      Unit= "Arcade",
    },
  [15] =     {
      Action= "Upgrade",
      Stamp= "26.320932388305664, -1.2250299453735352, 100.55381774902344",
      Price= "200",
      cframe= "26.3209324, -1.22502995, 100.553818, 1, 0, 0, 0, 1, 0, 0, 0, 1",
      Unit_Id= "1_406535",
      Unit= "Arcade",
    },
  [16] =     {
      Action= "Upgrade",
      Stamp= "8.631404876708984, -1.2248833179473877, 76.31629180908203",
      Price= "200",
      cframe= "8.63140488, -1.22488332, 76.3162918, 1, 0, 0, 0, 1, 0, 0, 0, 1",
      Unit_Id= "1_406935",
      Unit= "Arcade",
    },
  [17] =     {
      Action= "Upgrade",
      Stamp= "8.138011932373047, -1.2248830795288086, 71.76019287109375",
      Price= "200",
      cframe= "8.13801193, -1.22488308, 71.7601929, 1, 0, 0, 0, 1, 0, 0, 0, 1",
      Unit_Id= "1_407037",
      Unit= "Arcade",
    },
  [18] =     {
      Action= "Upgrade",
      Stamp= "8.387165069580078, -1.2248830795288086, 67.19688415527344",
      Price= "200",
      cframe= "8.38716507, -1.22488308, 67.1968842, 1, 0, 0, 0, 1, 0, 0, 0, 1",
      Unit_Id= "1_407144",
      Unit= "Arcade",
    },
  [19] =     {
      Action= "Upgrade",
      Stamp= "23.57569122314453, -0.9998831748962402, 75.28841400146484",
      Price= "500",
      cframe= "23.5756912, -0.999883175, 75.288414, -0.933339953, -0, -0.358993769, -0, 1, -0, 0.358993769, 0, -0.933339953",
      Unit_Id= "1_406052",
      Unit= "Golden",
    },
  [20] =     {
      Action= "Upgrade",
      Stamp= "26.320932388305664, -1.2250299453735352, 100.55381774902344",
      Price= "550",
      cframe= "26.3209324, -1.22502995, 100.553818, 1, 0, 0, 0, 1, 0, 0, 0, 1",
      Unit_Id= "1_406535",
      Unit= "Arcade",
    },
  [21] =     {
      Action= "Upgrade",
      Stamp= "21.952835083007812, -1.2248833179473877, 100.7629623413086",
      Price= "550",
      cframe= "21.9528351, -1.22488332, 100.762962, 1, 0, 0, 0, 1, 0, 0, 0, 1",
      Unit_Id= "1_406406",
      Unit= "Arcade",
    },
  [22] =     {
      Action= "Upgrade",
      Stamp= "9.183391571044922, -1.2248830795288086, 101.37443542480469",
      Price= "550",
      cframe= "9.18339157, -1.22488308, 101.374435, 1, 0, 0, 0, 1, 0, 0, 0, 1",
      Unit_Id= "1_406783",
      Unit= "Arcade",
    },
  [23] =     {
      Action= "Upgrade",
      Stamp= "23.57569122314453, -0.9998831748962402, 75.28841400146484",
      Price= "1,500",
      cframe= "23.5756912, -0.999883175, 75.288414, 0.876715839, 0, -0.481008798, -0, 1, -0, 0.481008857, 0, 0.87671572",
      Unit_Id= "1_406052",
      Unit= "Golden",
    },
  [24] =     {
      Action= "Upgrade",
      Stamp= "8.631404876708984, -1.2248833179473877, 76.31629180908203",
      Price= "550",
      cframe= "8.63140488, -1.22488332, 76.3162918, 1, 0, 0, 0, 1, 0, 0, 0, 1",
      Unit_Id= "1_406935",
      Unit= "Arcade",
    },
  [25] =     {
      Action= "Upgrade",
      Stamp= "8.138011932373047, -1.2248830795288086, 71.76019287109375",
      Price= "550",
      cframe= "8.13801193, -1.22488308, 71.7601929, 1, 0, 0, 0, 1, 0, 0, 0, 1",
      Unit_Id= "1_407037",
      Unit= "Arcade",
    },
  [26] =     {
      Action= "Upgrade",
      Stamp= "8.387165069580078, -1.2248830795288086, 67.19688415527344",
      Price= "550",
      cframe= "8.38716507, -1.22488308, 67.1968842, 1, 0, 0, 0, 1, 0, 0, 0, 1",
      Unit_Id= "1_407144",
      Unit= "Arcade",
    },
  [27] =     {
      Action= "Upgrade",
      Stamp= "13.314186096191406, -1.2248830795288086, 101.00176239013672",
      Price= "550",
      cframe= "13.3141861, -1.22488308, 101.001762, 1, 0, 0, 0, 1, 0, 0, 0, 1",
      Unit_Id= "1_406683",
      Unit= "Arcade",
    },
  [28] =     {
      Action= "Upgrade",
      Stamp= "17.479015350341797, -1.2248830795288086, 101.063720703125",
      Price= "550",
      cframe= "17.4790154, -1.22488308, 101.063721, 1, 0, 0, 0, 1, 0, 0, 0, 1",
      Unit_Id= "1_406297",
      Unit= "Arcade",
    },
  [29] =     {
      Action= "Upgrade",
      Stamp= "9.183391571044922, -1.2248830795288086, 101.37443542480469",
      Price= "1,000",
      cframe= "9.18339157, -1.22488308, 101.374435, 1, 0, 0, 0, 1, 0, 0, 0, 1",
      Unit_Id= "1_406783",
      Unit= "Arcade",
    },
  [30] =     {
      Action= "Upgrade",
      Stamp= "13.314186096191406, -1.2248830795288086, 101.00176239013672",
      Price= "1,000",
      cframe= "13.3141861, -1.22488308, 101.001762, 1, 0, 0, 0, 1, 0, 0, 0, 1",
      Unit_Id= "1_406683",
      Unit= "Arcade",
    },
  [31] =     {
      Action= "Upgrade",
      Stamp= "17.479015350341797, -1.2248830795288086, 101.063720703125",
      Price= "1,000",
      cframe= "17.4790154, -1.22488308, 101.063721, 1, 0, 0, 0, 1, 0, 0, 0, 1",
      Unit_Id= "1_406297",
      Unit= "Arcade",
    },
  [32] =     {
      Action= "Upgrade",
      Stamp= "21.952835083007812, -1.2248833179473877, 100.7629623413086",
      Price= "1,000",
      cframe= "21.9528351, -1.22488332, 100.762962, 1, 0, 0, 0, 1, 0, 0, 0, 1",
      Unit_Id= "1_406406",
      Unit= "Arcade",
    },
  [33] =     {
      Action= "Upgrade",
      Stamp= "26.320932388305664, -1.2250299453735352, 100.55381774902344",
      Price= "1,000",
      cframe= "26.3209324, -1.22502995, 100.553818, 1, 0, 0, 0, 1, 0, 0, 0, 1",
      Unit_Id= "1_406535",
      Unit= "Arcade",
    },
  [34] =     {
      Action= "Upgrade",
      Stamp= "8.631404876708984, -1.2248833179473877, 76.31629180908203",
      Price= "1,000",
      cframe= "8.63140488, -1.22488332, 76.3162918, 1, 0, 0, 0, 1, 0, 0, 0, 1",
      Unit_Id= "1_406935",
      Unit= "Arcade",
    },
  [35] =     {
      Action= "Upgrade",
      Stamp= "8.138011932373047, -1.2248830795288086, 71.76019287109375",
      Price= "1,000",
      cframe= "8.13801193, -1.22488308, 71.7601929, 1, 0, 0, 0, 1, 0, 0, 0, 1",
      Unit_Id= "1_407037",
      Unit= "Arcade",
    },
  [36] =     {
      Action= "Upgrade",
      Stamp= "8.387165069580078, -1.2248830795288086, 67.19688415527344",
      Price= "1,000",
      cframe= "8.38716507, -1.22488308, 67.1968842, 1, 0, 0, 0, 1, 0, 0, 0, 1",
      Unit_Id= "1_407144",
      Unit= "Arcade",
    },
  [37] =     {
      Rotation= "0, 0, 0, 1, 0, 0, 0, 1, 0, 0, 0, 1",
      Action= "Place",
      Position= "47.8422737121582, -2.340507984161377, 83.85145568847656",
      Price= 3000,
      cframe= "47.8422737, -2.34050798, 83.8514557, 1, 0, 0, 0, 1, 0, 0, 0, 1",
      Unit_Id= "1_407785",
      Unit= "Minigunner",
    },
  [38] =     {
      Action= "Upgrade",
      Stamp= "47.8422737121582, -0.9929999113082886, 83.85145568847656",
      Price= "750",
      cframe= "47.8422737, -0.992999911, 83.8514557, 1, 0, 0, 0, 1, 0, 0, 0, 1",
      Unit_Id= "1_407785",
      Unit= "Pumpkin",
    },
  [39] =     {
      Action= "Upgrade",
      Stamp= "47.8422737121582, -0.9929999113082886, 83.85145568847656",
      Price= "2,000",
      cframe= "47.8422737, -0.992999911, 83.8514557, 1, 0, 0, 0, 1, 0, 0, 0, 1",
      Unit_Id= "1_407785",
      Unit= "Pumpkin",
    },
  [40] =     {
      Rotation= "0, 0, 0, 1, 0, 0, 0, 1, 0, 0, 0, 1",
      Action= "Place",
      Position= "50.82978057861328, -2.3404366970062256, 86.20022583007812",
      Price= 650,
      cframe= "50.8297806, -2.3404367, 86.2002258, 1, 0, 0, 0, 1, 0, 0, 0, 1",
      Unit_Id= "1_408036",
      Unit= "Commander",
    },
  [41] =     {
      Action= "Upgrade",
      Stamp= "50.82978057861328, -0.4429370164871216, 86.20022583007812",
      Price= "850",
      cframe= "50.8297806, -0.442937016, 86.2002258, 1, 0, 0, 0, 1, 0, 0, 0, 1",
      Unit_Id= "1_408036",
      Unit= "Maid",
    },
  [42] =     {
      Action= "Upgrade",
      Stamp= "50.82978057861328, -0.4429370164871216, 86.20022583007812",
      Price= "1,800",
      cframe= "50.8297806, -0.442937016, 86.2002258, 1, 0, 0, 0, 1, 0, 0, 0, 1",
      Unit_Id= "1_408036",
      Unit= "Maid",
    },
  [43] =     {
      Action= "Upgrade",
      Stamp= "8.631404876708984, -1.2248833179473877, 76.31629180908203",
      Price= "2,500",
      cframe= "8.63140488, -1.22488332, 76.3162918, 1, 0, 0, 0, 1, 0, 0, 0, 1",
      Unit_Id= "1_406935",
      Unit= "Arcade",
    },
  [44] =     {
      Action= "Upgrade",
      Stamp= "8.138011932373047, -1.2248830795288086, 71.76019287109375",
      Price= "2,500",
      cframe= "8.13801193, -1.22488308, 71.7601929, 1, 0, 0, 0, 1, 0, 0, 0, 1",
      Unit_Id= "1_407037",
      Unit= "Arcade",
    },
  [45] =     {
      Action= "Upgrade",
      Stamp= "8.387165069580078, -1.2248830795288086, 67.19688415527344",
      Price= "2,500",
      cframe= "8.38716507, -1.22488308, 67.1968842, 1, 0, 0, 0, 1, 0, 0, 0, 1",
      Unit_Id= "1_407144",
      Unit= "Arcade",
    },
  [46] =     {
      Action= "Upgrade",
      Stamp= "26.320932388305664, -1.2250299453735352, 100.55381774902344",
      Price= "2,500",
      cframe= "26.3209324, -1.22502995, 100.553818, 1, 0, 0, 0, 1, 0, 0, 0, 1",
      Unit_Id= "1_406535",
      Unit= "Arcade",
    },
  [47] =     {
      Action= "Upgrade",
      Stamp= "21.952835083007812, -1.2248833179473877, 100.7629623413086",
      Price= "2,500",
      cframe= "21.9528351, -1.22488332, 100.762962, 1, 0, 0, 0, 1, 0, 0, 0, 1",
      Unit_Id= "1_406406",
      Unit= "Arcade",
    },
  [48] =     {
      Action= "Upgrade",
      Stamp= "17.479015350341797, -1.2248830795288086, 101.063720703125",
      Price= "2,500",
      cframe= "17.4790154, -1.22488308, 101.063721, 1, 0, 0, 0, 1, 0, 0, 0, 1",
      Unit_Id= "1_406297",
      Unit= "Arcade",
    },
  [49] =     {
      Action= "Upgrade",
      Stamp= "13.314186096191406, -1.2248830795288086, 101.00176239013672",
      Price= "2,500",
      cframe= "13.3141861, -1.22488308, 101.001762, 1, 0, 0, 0, 1, 0, 0, 0, 1",
      Unit_Id= "1_406683",
      Unit= "Arcade",
    },
  [50] =     {
      Action= "Upgrade",
      Stamp= "9.183391571044922, -1.2248830795288086, 101.37443542480469",
      Price= "2,500",
      cframe= "9.18339157, -1.22488308, 101.374435, 1, 0, 0, 0, 1, 0, 0, 0, 1",
      Unit_Id= "1_406783",
      Unit= "Arcade",
    },
  [51] =     {
      Rotation= "0, 0, 0, 1, 0, 0, 0, 1, 0, 0, 0, 1",
      Action= "Place",
      Position= "50.97028350830078, -2.3404347896575928, 82.87081909179688",
      Price= 3000,
      cframe= "50.9702835, -2.34043479, 82.8708191, 1, 0, 0, 0, 1, 0, 0, 0, 1",
      Unit_Id= "1_408562",
      Unit= "Minigunner",
    },
  [52] =     {
      Action= "Upgrade",
      Stamp= "50.97028350830078, -0.9929333925247192, 82.87081909179688",
      Price= "750",
      cframe= "50.9702835, -0.992933393, 82.8708191, 1, 0, 0, 0, 1, 0, 0, 0, 1",
      Unit_Id= "1_408562",
      Unit= "Pumpkin",
    },
  [53] =     {
      Action= "Upgrade",
      Stamp= "50.97028350830078, -0.9929333925247192, 82.87081909179688",
      Price= "2,000",
      cframe= "50.9702835, -0.992933393, 82.8708191, 1, 0, 0, 0, 1, 0, 0, 0, 1",
      Unit_Id= "1_408562",
      Unit= "Pumpkin",
    },
  [54] =     {
      Rotation= "0, 0, 0, 1, 0, 0, 0, 1, 0, 0, 0, 1",
      Action= "Place",
      Position= "47.549522399902344, -2.3405091762542725, 86.98006439208984",
      Price= 3000,
      cframe= "47.5495224, -2.34050918, 86.9800644, 1, 0, 0, 0, 1, 0, 0, 0, 1",
      Unit_Id= "1_408851",
      Unit= "Minigunner",
    },
  [55] =     {
      Action= "Upgrade",
      Stamp= "47.549522399902344, -0.993000864982605, 86.98006439208984",
      Price= "750",
      cframe= "47.5495224, -0.993000865, 86.9800644, 1, 0, 0, 0, 1, 0, 0, 0, 1",
      Unit_Id= "1_408851",
      Unit= "Pumpkin",
    },
  [56] =     {
      Action= "Upgrade",
      Stamp= "47.549522399902344, -0.993000864982605, 86.98006439208984",
      Price= "2,000",
      cframe= "47.5495224, -0.993000865, 86.9800644, 0.55851239, 0, 0.829496145, -0, 1, -0, -0.829496264, 0, 0.55851233",
      Unit_Id= "1_408851",
      Unit= "Pumpkin",
    },
  [57] =     {
      Rotation= "0, 0, 0, 1, 0, 0, 0, 1, 0, 0, 0, 1",
      Action= "Place",
      Position= "50.330467224121094, -2.340449094772339, 89.30986022949219",
      Price= 3000,
      cframe= "50.3304672, -2.34044909, 89.3098602, 1, 0, 0, 0, 1, 0, 0, 0, 1",
      Unit_Id= "1_409188",
      Unit= "Minigunner",
    },
  [58] =     {
      Action= "Upgrade",
      Stamp= "50.330467224121094, -0.992946982383728, 89.30986022949219",
      Price= "750",
      cframe= "50.3304672, -0.992946982, 89.3098602, 1, 0, 0, 0, 1, 0, 0, 0, 1",
      Unit_Id= "1_409188",
      Unit= "Pumpkin",
    },
  [59] =     {
      Action= "Upgrade",
      Stamp= "50.330467224121094, -0.992946982383728, 89.30986022949219",
      Price= "2,000",
      cframe= "50.3304672, -0.992946982, 89.3098602, 1, 0, 0, 0, 1, 0, 0, 0, 1",
      Unit_Id= "1_409188",
      Unit= "Pumpkin",
    },
  [60] =     {
      Action= "Upgrade",
      Stamp= "50.82978057861328, -0.4429370164871216, 86.20022583007812",
      Price= "5,500",
      cframe= "50.8297806, -0.442937016, 86.2002258, 1, 0, 0, 0, 1, 0, 0, 0, 1",
      Unit_Id= "1_408036",
      Unit= "Maid",
    },
  [61] =     {
      Rotation= "0, 0, 0, 1, 0, 0, 0, 1, 0, 0, 0, 1",
      Action= "Place",
      Position= "54.35340118408203, -2.350037097930908, 83.48253631591797",
      Price= 3000,
      cframe= "54.3534012, -2.3500371, 83.4825363, 1, 0, 0, 0, 1, 0, 0, 0, 1",
      Unit_Id= "1_409678",
      Unit= "Minigunner",
    },
  [62] =     {
      Action= "Upgrade",
      Stamp= "54.35340118408203, -1.0000370740890503, 83.48253631591797",
      Price= "750",
      cframe= "54.3534012, -1.00003707, 83.4825363, 0.237938225, 0, 0.971280277, -0, 1.00000012, -0, -0.971280396, 0, 0.237938195",
      Unit_Id= "1_409678",
      Unit= "Pumpkin",
    },
  [63] =     {
      Action= "Upgrade",
      Stamp= "54.35340118408203, -1.0000370740890503, 83.48253631591797",
      Price= "2,000",
      cframe= "54.3534012, -1.00003707, 83.4825363, 0.260703087, 0, 0.965419054, -0, 1, -0, -0.965419054, 0, 0.260703087",
      Unit_Id= "1_409678",
      Unit= "Pumpkin",
    },
  [64] =     {
      Rotation= "0, 0, 0, 1, 0, 0, 0, 1, 0, 0, 0, 1",
      Action= "Place",
      Position= "54.70540237426758, -2.350037097930908, 86.61942291259766",
      Price= 3000,
      cframe= "54.7054024, -2.3500371, 86.6194229, 1, 0, 0, 0, 1, 0, 0, 0, 1",
      Unit_Id= "1_410084",
      Unit= "Minigunner",
    },
  [65] =     {
      Action= "Upgrade",
      Stamp= "54.70540237426758, -1.0000370740890503, 86.61942291259766",
      Price= "750",
      cframe= "54.7054024, -1.00003707, 86.6194229, 1, 0, 0, 0, 1, 0, 0, 0, 1",
      Unit_Id= "1_410084",
      Unit= "Pumpkin",
    },
  [66] =     {
      Action= "Upgrade",
      Stamp= "54.70540237426758, -1.0000370740890503, 86.61942291259766",
      Price= "2,000",
      cframe= "54.7054024, -1.00003707, 86.6194229, 1, 0, 0, 0, 1, 0, 0, 0, 1",
      Unit_Id= "1_410084",
      Unit= "Pumpkin",
    },
  [67] =     {
      Rotation= "0, 0, 0, 1, 0, 0, 0, 1, 0, 0, 0, 1",
      Action= "Place",
      Position= "54.65446853637695, -2.35003662109375, 89.70931243896484",
      Price= 3000,
      cframe= "54.6544685, -2.35003662, 89.7093124, 1, 0, 0, 0, 1, 0, 0, 0, 1",
      Unit_Id= "1_410351",
      Unit= "Minigunner",
    },
  [68] =     {
      Action= "Upgrade",
      Stamp= "54.65446853637695, -1.000036358833313, 89.70931243896484",
      Price= "750",
      cframe= "54.6544685, -1.00003636, 89.7093124, 1, 0, 0, 0, 1, 0, 0, 0, 1",
      Unit_Id= "1_410351",
      Unit= "Pumpkin",
    },
  [69] =     {
      Action= "Upgrade",
      Stamp= "54.65446853637695, -1.000036358833313, 89.70931243896484",
      Price= "2,000",
      cframe= "54.6544685, -1.00003636, 89.7093124, 1, 0, 0, 0, 1, 0, 0, 0, 1",
      Unit_Id= "1_410351",
      Unit= "Pumpkin",
    },
  [70] =     {
      Rotation= "0, 0, 0, 1, 0, 0, 0, 1, 0, 0, 0, 1",
      Action= "Place",
      Position= "57.44710922241211, -2.350036382675171, 83.40019226074219",
      Price= 3000,
      cframe= "57.4471092, -2.35003638, 83.4001923, 1, 0, 0, 0, 1, 0, 0, 0, 1",
      Unit_Id= "1_410575",
      Unit= "Minigunner",
    },
  [71] =     {
      Action= "Upgrade",
      Stamp= "57.44710922241211, -1.000036597251892, 83.40019226074219",
      Price= "750",
      cframe= "57.4471092, -1.0000366, 83.4001923, 1, 0, 0, 0, 1, 0, 0, 0, 1",
      Unit_Id= "1_410575",
      Unit= "Pumpkin",
    },
  [72] =     {
      Action= "Upgrade",
      Stamp= "57.44710922241211, -1.000036597251892, 83.40019226074219",
      Price= "2,000",
      cframe= "57.4471092, -1.0000366, 83.4001923, 1, 0, 0, 0, 1, 0, 0, 0, 1",
      Unit_Id= "1_410575",
      Unit= "Pumpkin",
    },
  [73] =     {
      Rotation= "0, 0, 0, 1, 0, 0, 0, 1, 0, 0, 0, 1",
      Action= "Place",
      Position= "58.23779296875, -2.35003662109375, 86.44467163085938",
      Price= 3000,
      cframe= "58.237793, -2.35003662, 86.4446716, 1, 0, 0, 0, 1, 0, 0, 0, 1",
      Unit_Id= "1_410893",
      Unit= "Minigunner",
    },
  [74] =     {
      Action= "Upgrade",
      Stamp= "58.23779296875, -1.0000361204147339, 86.44467163085938",
      Price= "750",
      cframe= "58.237793, -1.00003612, 86.4446716, 1, 0, 0, 0, 1, 0, 0, 0, 1",
      Unit_Id= "1_410893",
      Unit= "Pumpkin",
    },
  [75] =     {
      Action= "Upgrade",
      Stamp= "58.23779296875, -1.0000361204147339, 86.44467163085938",
      Price= "2,000",
      cframe= "58.237793, -1.00003612, 86.4446716, 1, 0, 0, 0, 1, 0, 0, 0, 1",
      Unit_Id= "1_410893",
      Unit= "Pumpkin",
    },
  [76] =     {
      Rotation= "0, 0, 0, 1, 0, 0, 0, 1, 0, 0, 0, 1",
      Action= "Place",
      Position= "57.652984619140625, -2.35003662109375, 89.54981994628906",
      Price= 3000,
      cframe= "57.6529846, -2.35003662, 89.5498199, 1, 0, 0, 0, 1, 0, 0, 0, 1",
      Unit_Id= "1_411206",
      Unit= "Minigunner",
    },
  [77] =     {
      Action= "Upgrade",
      Stamp= "57.652984619140625, -1.000036358833313, 89.54981994628906",
      Price= "750",
      cframe= "57.6529846, -1.00003636, 89.5498199, 1, 0, 0, 0, 1, 0, 0, 0, 1",
      Unit_Id= "1_411206",
      Unit= "Pumpkin",
    },
  [78] =     {
      Action= "Upgrade",
      Stamp= "57.652984619140625, -1.000036358833313, 89.54981994628906",
      Price= "2,000",
      cframe= "57.6529846, -1.00003636, 89.5498199, 1, 0, 0, 0, 1, 0, 0, 0, 1",
      Unit_Id= "1_411206",
      Unit= "Pumpkin",
    },
  [79] =     {
      Rotation= "0, 0, 0, 1, 0, 0, 0, 1, 0, 0, 0, 1",
      Action= "Place",
      Position= "60.43742370605469, -2.350037097930908, 83.7891845703125",
      Price= 3000,
      cframe= "60.4374237, -2.3500371, 83.7891846, 1, 0, 0, 0, 1, 0, 0, 0, 1",
      Unit_Id= "1_411438",
      Unit= "Minigunner",
    },
  [80] =     {
      Action= "Upgrade",
      Stamp= "60.43742370605469, -1.0000375509262085, 83.7891845703125",
      Price= "750",
      cframe= "60.4374237, -1.00003755, 83.7891846, 1, 0, 0, 0, 1, 0, 0, 0, 1",
      Unit_Id= "1_411438",
      Unit= "Pumpkin",
    },
  [81] =     {
      Action= "Upgrade",
      Stamp= "60.43742370605469, -1.0000375509262085, 83.7891845703125",
      Price= "2,000",
      cframe= "60.4374237, -1.00003755, 83.7891846, 1, 0, 0, 0, 1, 0, 0, 0, 1",
      Unit_Id= "1_411438",
      Unit= "Pumpkin",
    },
  [82] =     {
      Action= "Upgrade",
      Stamp= "50.82978057861328, -0.4429370164871216, 86.20022583007812",
      Price= "9,000",
      cframe= "50.8297806, -0.442937016, 86.2002258, 1, 0, 0, 0, 1, 0, 0, 0, 1",
      Unit_Id= "1_408036",
      Unit= "Maid",
    },
  [83] =     {
      Action= "Upgrade",
      Stamp= "26.320932388305664, -1.2250299453735352, 100.55381774902344",
      Price= "5,000",
      cframe= "26.3209324, -1.22502995, 100.553818, 1, 0, 0, 0, 1, 0, 0, 0, 1",
      Unit_Id= "1_406535",
      Unit= "Arcade",
    },
  [84] =     {
      Action= "Upgrade",
      Stamp= "21.952835083007812, -1.2248833179473877, 100.7629623413086",
      Price= "5,000",
      cframe= "21.9528351, -1.22488332, 100.762962, 1, 0, 0, 0, 1, 0, 0, 0, 1",
      Unit_Id= "1_406406",
      Unit= "Arcade",
    },
  [85] =     {
      Action= "Upgrade",
      Stamp= "17.479015350341797, -1.2248830795288086, 101.063720703125",
      Price= "5,000",
      cframe= "17.4790154, -1.22488308, 101.063721, 1, 0, 0, 0, 1, 0, 0, 0, 1",
      Unit_Id= "1_406297",
      Unit= "Arcade",
    },
  [86] =     {
      Action= "Upgrade",
      Stamp= "13.314186096191406, -1.2248830795288086, 101.00176239013672",
      Price= "5,000",
      cframe= "13.3141861, -1.22488308, 101.001762, 1, 0, 0, 0, 1, 0, 0, 0, 1",
      Unit_Id= "1_406683",
      Unit= "Arcade",
    },
  [87] =     {
      Action= "Upgrade",
      Stamp= "47.8422737121582, -0.9929999113082886, 83.85145568847656",
      Price= "7,500",
      cframe= "47.8422737, -0.992999911, 83.8514557, 0.346831679, 0, 0.937927425, -0, 1.00000012, -0, -0.937927425, 0, 0.346831679",
      Unit_Id= "1_407785",
      Unit= "Pumpkin",
    },
  [88] =     {
      Action= "Upgrade",
      Stamp= "47.549522399902344, -0.993000864982605, 86.98006439208984",
      Price= "7,500",
      cframe= "47.5495224, -0.993000865, 86.9800644, 0.470699817, 0, 0.882293463, -0, 1, -0, -0.882293463, 0, 0.470699817",
      Unit_Id= "1_408851",
      Unit= "Pumpkin",
    },
  [89] =     {
      Action= "Upgrade",
      Stamp= "50.97028350830078, -0.9929333925247192, 82.87081909179688",
      Price= "7,500",
      cframe= "50.9702835, -0.992933393, 82.8708191, 0.120244615, 0, 0.992744327, -0, 1, -0, -0.992744327, 0, 0.120244615",
      Unit_Id= "1_408562",
      Unit= "Pumpkin",
    },
  [90] =     {
      Action= "Upgrade",
      Stamp= "50.330467224121094, -0.992946982383728, 89.30986022949219",
      Price= "7,500",
      cframe= "50.3304672, -0.992946982, 89.3098602, 0.585923314, 0, 0.810366452, -0, 1, -0, -0.810366571, 0, 0.585923254",
      Unit_Id= "1_409188",
      Unit= "Pumpkin",
    },
  [91] =     {
      Action= "Upgrade",
      Stamp= "47.8422737121582, -0.9929999113082886, 83.85145568847656",
      Price= "10,000",
      cframe= "47.8422737, -0.992999911, 83.8514557, 0.330640227, 0, 0.943756878, -0, 1, -0, -0.943756878, 0, 0.330640227",
      Unit_Id= "1_407785",
      Unit= "Pumpkin",
    },
  [92] =     {
      Action= "Upgrade",
      Stamp= "54.35340118408203, -1.0000370740890503, 83.48253631591797",
      Price= "7,500",
      cframe= "54.3534012, -1.00003707, 83.4825363, 0.564784944, 0, 0.825238109, -0, 1, -0, -0.825238109, 0, 0.564784944",
      Unit_Id= "1_409678",
      Unit= "Pumpkin",
    },
  [93] =     {
      Action= "Upgrade",
      Stamp= "54.35340118408203, -1.0000370740890503, 83.48253631591797",
      Price= "10,000",
      cframe= "54.3534012, -1.00003707, 83.4825363, 0.564784944, 0, 0.825238109, -0, 1, -0, -0.825238109, 0, 0.564784944",
      Unit_Id= "1_409678",
      Unit= "Pumpkin",
    },
  [94] =     {
      Action= "Upgrade",
      Stamp= "50.97028350830078, -0.9929333925247192, 82.87081909179688",
      Price= "10,000",
      cframe= "50.9702835, -0.992933393, 82.8708191, 0.974751711, 0, 0.22329174, -0, 1.00000012, -0, -0.22329174, 0, 0.974751711",
      Unit_Id= "1_408562",
      Unit= "Pumpkin",
    },
  [95] =     {
      Action= "Upgrade",
      Stamp= "47.549522399902344, -0.993000864982605, 86.98006439208984",
      Price= "10,000",
      cframe= "47.5495224, -0.993000865, 86.9800644, 0.342220485, 0, 0.93961966, -0, 1.00000012, -0, -0.93961978, 0, 0.342220455",
      Unit_Id= "1_408851",
      Unit= "Pumpkin",
    },
  [96] =     {
      Action= "Upgrade",
      Stamp= "50.330467224121094, -0.992946982383728, 89.30986022949219",
      Price= "10,000",
      cframe= "50.3304672, -0.992946982, 89.3098602, 0.9858886, 0, 0.167402953, -0, 1, -0, -0.167402968, 0, 0.985888481",
      Unit_Id= "1_409188",
      Unit= "Pumpkin",
    },
  [97] =     {
      Action= "Upgrade",
      Stamp= "57.44710922241211, -1.000036597251892, 83.40019226074219",
      Price= "7,500",
      cframe= "57.4471092, -1.0000366, 83.4001923, 0.0835873559, 0, 0.996500432, -0, 1, -0, -0.996500552, 0, 0.0835873485",
      Unit_Id= "1_410575",
      Unit= "Pumpkin",
    },
  [98] =     {
      Action= "Upgrade",
      Stamp= "57.44710922241211, -1.000036597251892, 83.40019226074219",
      Price= "10,000",
      cframe= "57.4471092, -1.0000366, 83.4001923, 0.133696765, 0, 0.991022289, -0, 1, -0, -0.991022289, 0, 0.133696765",
      Unit_Id= "1_410575",
      Unit= "Pumpkin",
    },
  [99] =     {
      Action= "Upgrade",
      Stamp= "54.70540237426758, -1.0000370740890503, 86.61942291259766",
      Price= "7,500",
      cframe= "54.7054024, -1.00003707, 86.6194229, 0.458102345, 0, 0.888899446, -0, 1, -0, -0.888899446, 0, 0.458102345",
      Unit_Id= "1_410084",
      Unit= "Pumpkin",
    },
  [100] =     {
      Action= "Upgrade",
      Stamp= "54.70540237426758, -1.0000370740890503, 86.61942291259766",
      Price= "10,000",
      cframe= "54.7054024, -1.00003707, 86.6194229, 0.458102345, 0, 0.888899446, -0, 1, -0, -0.888899446, 0, 0.458102345",
      Unit_Id= "1_410084",
      Unit= "Pumpkin",
    },
  [101] =     {
      Action= "Upgrade",
      Stamp= "57.652984619140625, -1.000036358833313, 89.54981994628906",
      Price= "7,500",
      cframe= "57.6529846, -1.00003636, 89.5498199, 0.999230921, 0, 0.0392125994, -0, 1.00000012, -0, -0.0392125994, 0, 0.999230921",
      Unit_Id= "1_411206",
      Unit= "Pumpkin",
    },
  [102] =     {
      Action= "Upgrade",
      Stamp= "57.652984619140625, -1.000036358833313, 89.54981994628906",
      Price= "10,000",
      cframe= "57.6529846, -1.00003636, 89.5498199, 0.89551717, 0, 0.445027113, -0, 1.00000012, -0, -0.445027113, 0, 0.89551717",
      Unit_Id= "1_411206",
      Unit= "Pumpkin",
    },
  [103] =     {
      Action= "Upgrade",
      Stamp= "54.65446853637695, -1.000036358833313, 89.70931243896484",
      Price= "7,500",
      cframe= "54.6544685, -1.00003636, 89.7093124, 0.999064684, 0, 0.0432423949, -0, 1, -0, -0.0432423986, 0, 0.999064565",
      Unit_Id= "1_410351",
      Unit= "Pumpkin",
    },
  [104] =     {
      Rotation= "0, 0, 0, 1, 0, 0, 0, 1, 0, 0, 0, 1",
      Action= "Place",
      Position= "37.17304992675781, -2.3498830795288086, 83.83968353271484",
      Price= 3000,
      cframe= "37.1730499, -2.34988308, 83.8396835, 1, 0, 0, 0, 1, 0, 0, 0, 1",
      Unit_Id= "1_414745",
      Unit= "Minigunner",
    },
  [105] =     {
      Action= "Upgrade",
      Stamp= "37.17304992675781, -0.9998832941055298, 83.83968353271484",
      Price= "750",
      cframe= "37.1730499, -0.999883294, 83.8396835, 0.256690353, 0, -0.966493666, -0, 1, -0, 0.966493785, 0, 0.256690323",
      Unit_Id= "1_414745",
      Unit= "Pumpkin",
    },
  [106] =     {
      Action= "Upgrade",
      Stamp= "37.17304992675781, -0.9998832941055298, 83.83968353271484",
      Price= "2,000",
      cframe= "37.1730499, -0.999883294, 83.8396835, 0.299729675, 0, -0.954024196, -0, 1, -0, 0.954024196, 0, 0.299729675",
      Unit_Id= "1_414745",
      Unit= "Pumpkin",
    },
  [107] =     {
      Rotation= "0, 0, 0, 1, 0, 0, 0, 1, 0, 0, 0, 1",
      Action= "Place",
      Position= "33.79731750488281, -2.3498830795288086, 84.12133026123047",
      Price= 3000,
      cframe= "33.7973175, -2.34988308, 84.1213303, 1, 0, 0, 0, 1, 0, 0, 0, 1",
      Unit_Id= "1_415176",
      Unit= "Minigunner",
    },
  [108] =     {
      Rotation= "0, 0, 0, 1, 0, 0, 0, 1, 0, 0, 0, 1",
      Action= "Place",
      Position= "36.746952056884766, -2.3498830795288086, 87.0221176147461",
      Price= 3000,
      cframe= "36.7469521, -2.34988308, 87.0221176, 1, 0, 0, 0, 1, 0, 0, 0, 1",
      Unit_Id= "1_415495",
      Unit= "Minigunner",
    },
  [109] =     {
      Rotation= "0, 0, 0, 1, 0, 0, 0, 1, 0, 0, 0, 1",
      Action= "Place",
      Position= "33.6994743347168, -2.3498833179473877, 87.24927520751953",
      Price= 3000,
      cframe= "33.6994743, -2.34988332, 87.2492752, 1, 0, 0, 0, 1, 0, 0, 0, 1",
      Unit_Id= "1_415801",
      Unit= "Minigunner",
    },
  [110] =     {
      Action= "Upgrade",
      Stamp= "37.17304992675781, -0.9998832941055298, 83.83968353271484",
      Price= "7,500",
      cframe= "37.1730499, -0.999883294, 83.8396835, 0.207447588, 0, -0.978246212, -0, 1.00000012, -0, 0.978246212, 0, 0.207447588",
      Unit_Id= "1_414745",
      Unit= "Pumpkin",
    },
  [111] =     {
      Action= "Upgrade",
      Stamp= "33.79731750488281, -0.9998830556869507, 84.12133026123047",
      Price= "750",
      cframe= "33.7973175, -0.999883056, 84.1213303, 0.226279244, 0, -0.974062443, -0, 1, -0, 0.974062562, 0, 0.226279214",
      Unit_Id= "1_415176",
      Unit= "Pumpkin",
    },
  [112] =     {
      Action= "Upgrade",
      Stamp= "33.79731750488281, -0.9998830556869507, 84.12133026123047",
      Price= "2,000",
      cframe= "33.7973175, -0.999883056, 84.1213303, 0.226279244, 0, -0.974062443, -0, 1, -0, 0.974062562, 0, 0.226279214",
      Unit_Id= "1_415176",
      Unit= "Pumpkin",
    },
  [113] =     {
      Action= "Upgrade",
      Stamp= "33.79731750488281, -0.9998830556869507, 84.12133026123047",
      Price= "7,500",
      cframe= "33.7973175, -0.999883056, 84.1213303, 0.426052243, 0, 0.904698551, -0, 1, -0, -0.904698551, 0, 0.426052243",
      Unit_Id= "1_415176",
      Unit= "Pumpkin",
    },
  [114] =     {
      Action= "Upgrade",
      Stamp= "36.746952056884766, -0.9998832941055298, 87.0221176147461",
      Price= "750",
      cframe= "36.7469521, -0.999883294, 87.0221176, 0.409072489, 0, -0.912501931, -0, 1.00000012, -0, 0.912501931, 0, 0.409072489",
      Unit_Id= "1_415495",
      Unit= "Pumpkin",
    },
  [115] =     {
      Action= "Upgrade",
      Stamp= "36.746952056884766, -0.9998832941055298, 87.0221176147461",
      Price= "2,000",
      cframe= "36.7469521, -0.999883294, 87.0221176, 0.409072489, 0, -0.912501931, -0, 1.00000012, -0, 0.912501931, 0, 0.409072489",
      Unit_Id= "1_415495",
      Unit= "Pumpkin",
    },
  [116] =     {
      Action= "Upgrade",
      Stamp= "36.746952056884766, -0.9998832941055298, 87.0221176147461",
      Price= "7,500",
      cframe= "36.7469521, -0.999883294, 87.0221176, 0.409072489, 0, -0.912501931, -0, 1.00000012, -0, 0.912501931, 0, 0.409072489",
      Unit_Id= "1_415495",
      Unit= "Pumpkin",
    },
  [117] =     {
      Action= "Upgrade",
      Stamp= "36.746952056884766, -0.9998832941055298, 87.0221176147461",
      Price= "10,000",
      cframe= "36.7469521, -0.999883294, 87.0221176, 0.951684952, 0, -0.307076246, -0, 1.00000012, -0, 0.307076246, 0, 0.951684952",
      Unit_Id= "1_415495",
      Unit= "Pumpkin",
    },
  [118] =     {
      Action= "Upgrade",
      Stamp= "37.17304992675781, -0.9998832941055298, 83.83968353271484",
      Price= "10,000",
      cframe= "37.1730499, -0.999883294, 83.8396835, 0.306935012, 0, 0.951730549, -0, 1.00000012, -0, -0.951730549, 0, 0.306935012",
      Unit_Id= "1_414745",
      Unit= "Pumpkin",
    },
  [119] =     {
      Action= "Upgrade",
      Stamp= "33.79731750488281, -0.9998830556869507, 84.12133026123047",
      Price= "10,000",
      cframe= "33.7973175, -0.999883056, 84.1213303, 0.357628793, 0, 0.933863878, -0, 1.00000012, -0, -0.933863878, 0, 0.357628793",
      Unit_Id= "1_415176",
      Unit= "Pumpkin",
    },
  [120] =     {
      Action= "Upgrade",
      Stamp= "33.6994743347168, -0.9998825788497925, 87.24927520751953",
      Price= "750",
      cframe= "33.6994743, -0.999882579, 87.2492752, 0.517546117, 0, 0.855655372, -0, 1.00000012, -0, -0.855655372, 0, 0.517546117",
      Unit_Id= "1_415801",
      Unit= "Pumpkin",
    },
  [121] =     {
      Action= "Upgrade",
      Stamp= "33.6994743347168, -0.9998825788497925, 87.24927520751953",
      Price= "2,000",
      cframe= "33.6994743, -0.999882579, 87.2492752, 0.55966717, 0, 0.82871747, -0, 1, -0, -0.82871747, 0, 0.55966717",
      Unit_Id= "1_415801",
      Unit= "Pumpkin",
    },
  [122] =     {
      Action= "Upgrade",
      Stamp= "33.6994743347168, -0.9998825788497925, 87.24927520751953",
      Price= "7,500",
      cframe= "33.6994743, -0.999882579, 87.2492752, 0.993177116, 0, 0.11661651, -0, 1.00000012, -0, -0.116616525, 0, 0.993176997",
      Unit_Id= "1_415801",
      Unit= "Pumpkin",
    },
  [123] =     {
      Action= "Upgrade",
      Stamp= "33.6994743347168, -0.9998825788497925, 87.24927520751953",
      Price= "10,000",
      cframe= "33.6994743, -0.999882579, 87.2492752, 0.998274863, 0, 0.0587141216, -0, 1, -0, -0.0587141216, 0, 0.998274863",
      Unit_Id= "1_415801",
      Unit= "Pumpkin",
    },
  [124] =     {
      Action= "Upgrade",
      Stamp= "54.65446853637695, -1.000036358833313, 89.70931243896484",
      Price= "10,000",
      cframe= "54.6544685, -1.00003636, 89.7093124, 0.982850969, 0, -0.184402153, -0, 1.00000012, -0, 0.184402168, 0, 0.98285085",
      Unit_Id= "1_410351",
      Unit= "Pumpkin",
    },
  [125] =     {
      Action= "Upgrade",
      Stamp= "58.23779296875, -1.0000361204147339, 86.44467163085938",
      Price= "7,500",
      cframe= "58.237793, -1.00003612, 86.4446716, -0.152521074, -0, -0.988300204, -0, 1, -0, 0.988300204, 0, -0.152521074",
      Unit_Id= "1_410893",
      Unit= "Pumpkin",
    },
  [126] =     {
      Action= "Upgrade",
      Stamp= "58.23779296875, -1.0000361204147339, 86.44467163085938",
      Price= "10,000",
      cframe= "58.237793, -1.00003612, 86.4446716, 0.635841608, 0, 0.771819592, -0, 1, -0, -0.771819592, 0, 0.635841608",
      Unit_Id= "1_410893",
      Unit= "Pumpkin",
    },
  [127] =     {
      Action= "Upgrade",
      Stamp= "60.43742370605469, -1.0000375509262085, 83.7891845703125",
      Price= "7,500",
      cframe= "60.4374237, -1.00003755, 83.7891846, 0.298238128, 0, 0.954491496, -0, 1, -0, -0.954491496, 0, 0.298238128",
      Unit_Id= "1_411438",
      Unit= "Pumpkin",
    },
  [128] =     {
      Action= "Upgrade",
      Stamp= "60.43742370605469, -1.0000375509262085, 83.7891845703125",
      Price= "10,000",
      cframe= "60.4374237, -1.00003755, 83.7891846, 0.161962718, 0, 0.986796856, -0, 1, -0, -0.986796856, 0, 0.161962718",
      Unit_Id= "1_411438",
      Unit= "Pumpkin",
    },
  [129] =     {
      Rotation= "0, 0, 0, 1, 0, 0, 0, 1, 0, 0, 0, 1",
      Action= "Place",
      Position= "43.678985595703125, -2.3405284881591797, 83.10155487060547",
      Price= 3000,
      cframe= "43.6789856, -2.34052849, 83.1015549, 1, 0, 0, 0, 1, 0, 0, 0, 1",
      Unit_Id= "1_418042",
      Unit= "Minigunner",
    },
  [130] =     {
      Action= "Upgrade",
      Stamp= "43.678985595703125, -0.9930180311203003, 83.10155487060547",
      Price= "750",
      cframe= "43.6789856, -0.993018031, 83.1015549, 0.368846953, 0, 0.929490149, -0, 1, -0, -0.929490149, 0, 0.368846953",
      Unit_Id= "1_418042",
      Unit= "Pumpkin",
    },
  [131] =     {
      Action= "Upgrade",
      Stamp= "43.678985595703125, -0.9930180311203003, 83.10155487060547",
      Price= "2,000",
      cframe= "43.6789856, -0.993018031, 83.1015549, 0.424790829, 0, 0.905291557, -0, 1, -0, -0.905291557, 0, 0.424790829",
      Unit_Id= "1_418042",
      Unit= "Pumpkin",
    },
  [132] =     {
      Action= "Upgrade",
      Stamp= "43.678985595703125, -0.9930180311203003, 83.10155487060547",
      Price= "7,500",
      cframe= "43.6789856, -0.993018031, 83.1015549, 0.50263387, 0, 0.86449939, -0, 1, -0, -0.86449939, 0, 0.50263387",
      Unit_Id= "1_418042",
      Unit= "Pumpkin",
    },
  [133] =     {
      Action= "Upgrade",
      Stamp= "43.678985595703125, -0.9930180311203003, 83.10155487060547",
      Price= "10,000",
      cframe= "43.6789856, -0.993018031, 83.1015549, 0.5433864, 0, 0.839482725, -0, 1, -0, -0.839482725, 0, 0.5433864",
      Unit_Id= "1_418042",
      Unit= "Pumpkin",
    },
}; function Royx_hub()  return {a,"Harbor"} end  return Royx_hub() 
