a = {
  [1] =     {
      Rotation= "0, 0, 0, 1, 0, 0, 0, 1, 0, 0, 0, 1",
      Action= "Place",
      Position= "16.45530128479004, 1.0000097751617432, 3.117116928100586",
      Price= 200,
      cframe= "16.4553013, 1.00000978, 3.11711693, 1, 0, 0, 0, 1, 0, 0, 0, 1",
      Unit_Id= "1_401438",
      Unit= "Scout",
    },
  [2] =     {
      Rotation= "0, 0, 0, 1, 0, 0, 0, 1, 0, 0, 0, 1",
      Action= "Place",
      Position= "-45.575439453125, 1.0000097751617432, -1.3804950714111328",
      Price= 250,
      cframe= "-45.5754395, 1.00000978, -1.38049507, 1, 0, 0, 0, 1, 0, 0, 0, 1",
      Unit_Id= "1_401654",
      Unit= "Farm",
    },
  [3] =     {
      Action= "Upgrade",
      Stamp= "-45.575439453125, 2.125009775161743, -1.3804950714111328",
      Price= "200",
      cframe= "-45.5754395, 2.12500978, -1.38049507, 1, 0, 0, 0, 1, 0, 0, 0, 1",
      Unit_Id= "1_401654",
      Unit= "Arcade",
    },
  [4] =     {
      Rotation= "0, 0, 0, 1, 0, 0, 0, 1, 0, 0, 0, 1",
      Action= "Place",
      Position= "-41.04750061035156, 1.0000097751617432, -1.2388362884521484",
      Price= 250,
      cframe= "-41.0475006, 1.00000978, -1.23883629, 1, 0, 0, 0, 1, 0, 0, 0, 1",
      Unit_Id= "1_405456",
      Unit= "Farm",
    },
  [5] =     {
      Action= "Upgrade",
      Stamp= "-41.04750061035156, 2.125009775161743, -1.2388362884521484",
      Price= "200",
      cframe= "-41.0475006, 2.12500978, -1.23883629, 1, 0, 0, 0, 1, 0, 0, 0, 1",
      Unit_Id= "1_405456",
      Unit= "Arcade",
    },
  [6] =     {
      Rotation= "0, 0, 0, 1, 0, 0, 0, 1, 0, 0, 0, 1",
      Action= "Place",
      Position= "-37.278709411621094, 1.0000097751617432, -1.9379758834838867",
      Price= 250,
      cframe= "-37.2787094, 1.00000978, -1.93797588, 1, 0, 0, 0, 1, 0, 0, 0, 1",
      Unit_Id= "1_405608",
      Unit= "Farm",
    },
  [7] =     {
      Action= "Upgrade",
      Stamp= "-37.278709411621094, 2.125009775161743, -1.9379758834838867",
      Price= "200",
      cframe= "-37.2787094, 2.12500978, -1.93797588, 1, 0, 0, 0, 1, 0, 0, 0, 1",
      Unit_Id= "1_405608",
      Unit= "Arcade",
    },
  [8] =     {
      Rotation= "0, 0, 0, 1, 0, 0, 0, 1, 0, 0, 0, 1",
      Action= "Place",
      Position= "-33.1518440246582, 1.0000097751617432, -2.7498512268066406",
      Price= 250,
      cframe= "-33.151844, 1.00000978, -2.74985123, 1, 0, 0, 0, 1, 0, 0, 0, 1",
      Unit_Id= "1_406287",
      Unit= "Farm",
    },
  [9] =     {
      Action= "Upgrade",
      Stamp= "-33.1518440246582, 2.125009775161743, -2.7498512268066406",
      Price= "200",
      cframe= "-33.151844, 2.12500978, -2.74985123, 1, 0, 0, 0, 1, 0, 0, 0, 1",
      Unit_Id= "1_406287",
      Unit= "Arcade",
    },
  [10] =     {
      Rotation= "0, 0, 0, 1, 0, 0, 0, 1, 0, 0, 0, 1",
      Action= "Place",
      Position= "-41.685794830322266, 1.0000097751617432, -14.174489974975586",
      Price= 250,
      cframe= "-41.6857948, 1.00000978, -14.17449, 1, 0, 0, 0, 1, 0, 0, 0, 1",
      Unit_Id= "1_406402",
      Unit= "Farm",
    },
  [11] =     {
      Action= "Upgrade",
      Stamp= "-41.685794830322266, 2.125009775161743, -14.174489974975586",
      Price= "200",
      cframe= "-41.6857948, 2.12500978, -14.17449, 1, 0, 0, 0, 1, 0, 0, 0, 1",
      Unit_Id= "1_406402",
      Unit= "Arcade",
    },
  [12] =     {
      Action= "Upgrade",
      Stamp= "16.45530128479004, 2.3500096797943115, 3.117116928100586",
      Price= "125",
      cframe= "16.4553013, 2.35000968, 3.11711693, 0.932325602, 0, -0.361620039, -0, 1.00000012, -0, 0.361620039, 0, 0.932325602",
      Unit_Id= "1_401438",
      Unit= "Golden",
    },
  [13] =     {
      Action= "Upgrade",
      Stamp= "16.45530128479004, 2.3500096797943115, 3.117116928100586",
      Price= "500",
      cframe= "16.4553013, 2.35000968, 3.11711693, 0.90540874, 0, 0.424541116, -0, 1, -0, -0.424541175, 0, 0.905408621",
      Unit_Id= "1_401438",
      Unit= "Golden",
    },
  [14] =     {
      Rotation= "0, 0, 0, 1, 0, 0, 0, 1, 0, 0, 0, 1",
      Action= "Place",
      Position= "-37.51580047607422, 1.0000097751617432, -14.206832885742188",
      Price= 250,
      cframe= "-37.5158005, 1.00000978, -14.2068329, 1, 0, 0, 0, 1, 0, 0, 0, 1",
      Unit_Id= "1_406542",
      Unit= "Farm",
    },
  [15] =     {
      Rotation= "0, 0, 0, 1, 0, 0, 0, 1, 0, 0, 0, 1",
      Action= "Place",
      Position= "-39.760047912597656, 1.0000097751617432, -22.64792251586914",
      Price= 250,
      cframe= "-39.7600479, 1.00000978, -22.6479225, 1, 0, 0, 0, 1, 0, 0, 0, 1",
      Unit_Id= "1_406659",
      Unit= "Farm",
    },
  [16] =     {
      Rotation= "0, 0, 0, 1, 0, 0, 0, 1, 0, 0, 0, 1",
      Action= "Place",
      Position= "-35.26913070678711, 1.0000097751617432, -23.07887077331543",
      Price= 250,
      cframe= "-35.2691307, 1.00000978, -23.0788708, 1, 0, 0, 0, 1, 0, 0, 0, 1",
      Unit_Id= "1_406771",
      Unit= "Farm",
    },
  [17] =     {
      Action= "Upgrade",
      Stamp= "-35.26913070678711, 2.125009775161743, -23.07887077331543",
      Price= "200",
      cframe= "-35.2691307, 2.12500978, -23.0788708, 1, 0, 0, 0, 1, 0, 0, 0, 1",
      Unit_Id= "1_406771",
      Unit= "Arcade",
    },
  [18] =     {
      Action= "Upgrade",
      Stamp= "-37.51580047607422, 2.125009775161743, -14.206832885742188",
      Price= "200",
      cframe= "-37.5158005, 2.12500978, -14.2068329, 1, 0, 0, 0, 1, 0, 0, 0, 1",
      Unit_Id= "1_406542",
      Unit= "Arcade",
    },
  [19] =     {
      Action= "Upgrade",
      Stamp= "-39.760047912597656, 2.125009775161743, -22.64792251586914",
      Price= "200",
      cframe= "-39.7600479, 2.12500978, -22.6479225, 1, 0, 0, 0, 1, 0, 0, 0, 1",
      Unit_Id= "1_406659",
      Unit= "Arcade",
    },
  [20] =     {
      Action= "Upgrade",
      Stamp= "-45.575439453125, 2.125009775161743, -1.3804950714111328",
      Price= "550",
      cframe= "-45.5754395, 2.12500978, -1.38049507, 1, 0, 0, 0, 1, 0, 0, 0, 1",
      Unit_Id= "1_401654",
      Unit= "Arcade",
    },
  [21] =     {
      Action= "Upgrade",
      Stamp= "-41.04750061035156, 2.125009775161743, -1.2388362884521484",
      Price= "550",
      cframe= "-41.0475006, 2.12500978, -1.23883629, 1, 0, 0, 0, 1, 0, 0, 0, 1",
      Unit_Id= "1_405456",
      Unit= "Arcade",
    },
  [22] =     {
      Action= "Upgrade",
      Stamp= "16.45530128479004, 2.3500096797943115, 3.117116928100586",
      Price= "1,500",
      cframe= "16.4553013, 2.35000968, 3.11711693, -0.980755627, 0, 0.195239484, 0, 1, -0, -0.195239484, 0, -0.980755627",
      Unit_Id= "1_401438",
      Unit= "Golden",
    },
  [23] =     {
      Action= "Upgrade",
      Stamp= "-37.278709411621094, 2.125009775161743, -1.9379758834838867",
      Price= "550",
      cframe= "-37.2787094, 2.12500978, -1.93797588, 1, 0, 0, 0, 1, 0, 0, 0, 1",
      Unit_Id= "1_405608",
      Unit= "Arcade",
    },
  [24] =     {
      Action= "Upgrade",
      Stamp= "-41.685794830322266, 2.125009775161743, -14.174489974975586",
      Price= "550",
      cframe= "-41.6857948, 2.12500978, -14.17449, 1, 0, 0, 0, 1, 0, 0, 0, 1",
      Unit_Id= "1_406402",
      Unit= "Arcade",
    },
  [25] =     {
      Action= "Upgrade",
      Stamp= "-37.51580047607422, 2.125009775161743, -14.206832885742188",
      Price= "550",
      cframe= "-37.5158005, 2.12500978, -14.2068329, 1, 0, 0, 0, 1, 0, 0, 0, 1",
      Unit_Id= "1_406542",
      Unit= "Arcade",
    },
  [26] =     {
      Action= "Upgrade",
      Stamp= "-39.760047912597656, 2.125009775161743, -22.64792251586914",
      Price= "550",
      cframe= "-39.7600479, 2.12500978, -22.6479225, 1, 0, 0, 0, 1, 0, 0, 0, 1",
      Unit_Id= "1_406659",
      Unit= "Arcade",
    },
  [27] =     {
      Action= "Upgrade",
      Stamp= "-35.26913070678711, 2.125009775161743, -23.07887077331543",
      Price= "550",
      cframe= "-35.2691307, 2.12500978, -23.0788708, 1, 0, 0, 0, 1, 0, 0, 0, 1",
      Unit_Id= "1_406771",
      Unit= "Arcade",
    },
  [28] =     {
      Action= "Upgrade",
      Stamp= "-33.1518440246582, 2.125009775161743, -2.7498512268066406",
      Price= "550",
      cframe= "-33.151844, 2.12500978, -2.74985123, 1, 0, 0, 0, 1, 0, 0, 0, 1",
      Unit_Id= "1_406287",
      Unit= "Arcade",
    },
  [29] =     {
      Action= "Upgrade",
      Stamp= "-33.1518440246582, 2.125009775161743, -2.7498512268066406",
      Price= "1,000",
      cframe= "-33.151844, 2.12500978, -2.74985123, 1, 0, 0, 0, 1, 0, 0, 0, 1",
      Unit_Id= "1_406287",
      Unit= "Arcade",
    },
  [30] =     {
      Action= "Upgrade",
      Stamp= "-45.575439453125, 2.125009775161743, -1.3804950714111328",
      Price= "1,000",
      cframe= "-45.5754395, 2.12500978, -1.38049507, 1, 0, 0, 0, 1, 0, 0, 0, 1",
      Unit_Id= "1_401654",
      Unit= "Arcade",
    },
  [31] =     {
      Action= "Upgrade",
      Stamp= "-41.04750061035156, 2.125009775161743, -1.2388362884521484",
      Price= "1,000",
      cframe= "-41.0475006, 2.12500978, -1.23883629, 1, 0, 0, 0, 1, 0, 0, 0, 1",
      Unit_Id= "1_405456",
      Unit= "Arcade",
    },
  [32] =     {
      Action= "Upgrade",
      Stamp= "-37.278709411621094, 2.125009775161743, -1.9379758834838867",
      Price= "1,000",
      cframe= "-37.2787094, 2.12500978, -1.93797588, 1, 0, 0, 0, 1, 0, 0, 0, 1",
      Unit_Id= "1_405608",
      Unit= "Arcade",
    },
  [33] =     {
      Action= "Upgrade",
      Stamp= "-41.685794830322266, 2.125009775161743, -14.174489974975586",
      Price= "1,000",
      cframe= "-41.6857948, 2.12500978, -14.17449, 1, 0, 0, 0, 1, 0, 0, 0, 1",
      Unit_Id= "1_406402",
      Unit= "Arcade",
    },
  [34] =     {
      Action= "Upgrade",
      Stamp= "-37.51580047607422, 2.125009775161743, -14.206832885742188",
      Price= "1,000",
      cframe= "-37.5158005, 2.12500978, -14.2068329, 1, 0, 0, 0, 1, 0, 0, 0, 1",
      Unit_Id= "1_406542",
      Unit= "Arcade",
    },
  [35] =     {
      Action= "Upgrade",
      Stamp= "-35.26913070678711, 2.125009775161743, -23.07887077331543",
      Price= "1,000",
      cframe= "-35.2691307, 2.12500978, -23.0788708, 1, 0, 0, 0, 1, 0, 0, 0, 1",
      Unit_Id= "1_406771",
      Unit= "Arcade",
    },
  [36] =     {
      Action= "Upgrade",
      Stamp= "-39.760047912597656, 2.125009775161743, -22.64792251586914",
      Price= "1,000",
      cframe= "-39.7600479, 2.12500978, -22.6479225, 1, 0, 0, 0, 1, 0, 0, 0, 1",
      Unit_Id= "1_406659",
      Unit= "Arcade",
    },
  [37] =     {
      Action= "Upgrade",
      Stamp= "-39.760047912597656, 2.125009775161743, -22.64792251586914",
      Price= "2,500",
      cframe= "-39.7600479, 2.12500978, -22.6479225, 1, 0, 0, 0, 1, 0, 0, 0, 1",
      Unit_Id= "1_406659",
      Unit= "Arcade",
    },
  [38] =     {
      Action= "Upgrade",
      Stamp= "16.45530128479004, 2.3500096797943115, 3.117116928100586",
      Price= "4,000",
      cframe= "16.4553013, 2.35000968, 3.11711693, 0.896657467, 0, -0.442725003, -0, 1, -0, 0.442725003, 0, 0.896657467",
      Unit_Id= "1_401438",
      Unit= "Golden",
    },
  [39] =     {
      Action= "Upgrade",
      Stamp= "-37.51580047607422, 2.125009775161743, -14.206832885742188",
      Price= "2,500",
      cframe= "-37.5158005, 2.12500978, -14.2068329, 1, 0, 0, 0, 1, 0, 0, 0, 1",
      Unit_Id= "1_406542",
      Unit= "Arcade",
    },
  [40] =     {
      Action= "Upgrade",
      Stamp= "-35.26913070678711, 2.125009775161743, -23.07887077331543",
      Price= "2,500",
      cframe= "-35.2691307, 2.12500978, -23.0788708, 1, 0, 0, 0, 1, 0, 0, 0, 1",
      Unit_Id= "1_406771",
      Unit= "Arcade",
    },
  [41] =     {
      Action= "Upgrade",
      Stamp= "-41.685794830322266, 2.125009775161743, -14.174489974975586",
      Price= "2,500",
      cframe= "-41.6857948, 2.12500978, -14.17449, 1, 0, 0, 0, 1, 0, 0, 0, 1",
      Unit_Id= "1_406402",
      Unit= "Arcade",
    },
  [42] =     {
      Action= "Upgrade",
      Stamp= "-45.575439453125, 2.125009775161743, -1.3804950714111328",
      Price= "2,500",
      cframe= "-45.5754395, 2.12500978, -1.38049507, 1, 0, 0, 0, 1, 0, 0, 0, 1",
      Unit_Id= "1_401654",
      Unit= "Arcade",
    },
  [43] =     {
      Action= "Upgrade",
      Stamp= "-41.04750061035156, 2.125009775161743, -1.2388362884521484",
      Price= "2,500",
      cframe= "-41.0475006, 2.12500978, -1.23883629, 1, 0, 0, 0, 1, 0, 0, 0, 1",
      Unit_Id= "1_405456",
      Unit= "Arcade",
    },
  [44] =     {
      Rotation= "0, 0, 0, 1, 0, 0, 0, 1, 0, 0, 0, 1",
      Action= "Place",
      Position= "2.9569215774536133, 1.0000097751617432, 4.701085090637207",
      Price= 650,
      cframe= "2.95692158, 1.00000978, 4.70108509, 1, 0, 0, 0, 1, 0, 0, 0, 1",
      Unit_Id= "1_407492",
      Unit= "Commander",
    },
  [45] =     {
      Action= "Upgrade",
      Stamp= "2.9569215774536133, 2.9000096321105957, 4.701085090637207",
      Price= "850",
      cframe= "2.95692158, 2.90000963, 4.70108509, 1, 0, 0, 0, 1, 0, 0, 0, 1",
      Unit_Id= "1_407492",
      Unit= "Maid",
    },
  [46] =     {
      Action= "Upgrade",
      Stamp= "-37.278709411621094, 2.125009775161743, -1.9379758834838867",
      Price= "2,500",
      cframe= "-37.2787094, 2.12500978, -1.93797588, 1, 0, 0, 0, 1, 0, 0, 0, 1",
      Unit_Id= "1_405608",
      Unit= "Arcade",
    },
  [47] =     {
      Action= "Upgrade",
      Stamp= "-33.1518440246582, 2.125009775161743, -2.7498512268066406",
      Price= "2,500",
      cframe= "-33.151844, 2.12500978, -2.74985123, 1, 0, 0, 0, 1, 0, 0, 0, 1",
      Unit_Id= "1_406287",
      Unit= "Arcade",
    },
  [48] =     {
      Action= "Upgrade",
      Stamp= "2.9569215774536133, 2.9000096321105957, 4.701085090637207",
      Price= "1,800",
      cframe= "2.95692158, 2.90000963, 4.70108509, 1, 0, 0, 0, 1, 0, 0, 0, 1",
      Unit_Id= "1_407492",
      Unit= "Maid",
    },
  [49] =     {
      Action= "Upgrade",
      Stamp= "2.9569215774536133, 2.9000096321105957, 4.701085090637207",
      Price= "5,500",
      cframe= "2.95692158, 2.90000963, 4.70108509, 1, 0, 0, 0, 1, 0, 0, 0, 1",
      Unit_Id= "1_407492",
      Unit= "Maid",
    },
  [50] =     {
      Rotation= "0, 0, 0, 1, 0, 0, 0, 1, 0, 0, 0, 1",
      Action= "Place",
      Position= "6.002124786376953, 1.0000097751617432, 6.374270915985107",
      Price= 3000,
      cframe= "6.00212479, 1.00000978, 6.37427092, 1, 0, 0, 0, 1, 0, 0, 0, 1",
      Unit_Id= "1_407925",
      Unit= "Minigunner",
    },
  [51] =     {
      Action= "Upgrade",
      Stamp= "6.002124786376953, 2.3500099182128906, 6.374270915985107",
      Price= "750",
      cframe= "6.00212479, 2.35000992, 6.37427092, 1, 0, 0, 0, 1, 0, 0, 0, 1",
      Unit_Id= "1_407925",
      Unit= "Pumpkin",
    },
  [52] =     {
      Action= "Upgrade",
      Stamp= "6.002124786376953, 2.3500099182128906, 6.374270915985107",
      Price= "2,000",
      cframe= "6.00212479, 2.35000992, 6.37427092, -0.980298817, -0, -0.197520286, -0, 1, -0, 0.197520286, 0, -0.980298817",
      Unit_Id= "1_407925",
      Unit= "Pumpkin",
    },
  [53] =     {
      Rotation= "0, 0, 0, 1, 0, 0, 0, 1, 0, 0, 0, 1",
      Action= "Place",
      Position= "5.835860252380371, 1.0000097751617432, 3.127696990966797",
      Price= 3000,
      cframe= "5.83586025, 1.00000978, 3.12769699, 1, 0, 0, 0, 1, 0, 0, 0, 1",
      Unit_Id= "1_408239",
      Unit= "Minigunner",
    },
  [54] =     {
      Action= "Upgrade",
      Stamp= "5.835860252380371, 2.3500099182128906, 3.127696990966797",
      Price= "750",
      cframe= "5.83586025, 2.35000992, 3.12769699, -0.830452621, -0, -0.557089329, -0, 1, -0, 0.557089388, 0, -0.830452502",
      Unit_Id= "1_408239",
      Unit= "Pumpkin",
    },
  [55] =     {
      Action= "Upgrade",
      Stamp= "5.835860252380371, 2.3500099182128906, 3.127696990966797",
      Price= "2,000",
      cframe= "5.83586025, 2.35000992, 3.12769699, -0.73369962, -0, -0.679473996, -0, 1, -0, 0.679473996, 0, -0.73369962",
      Unit_Id= "1_408239",
      Unit= "Pumpkin",
    },
  [56] =     {
      Rotation= "0, 0, 0, 1, 0, 0, 0, 1, 0, 0, 0, 1",
      Action= "Place",
      Position= "9.164590835571289, 1.0000097751617432, 6.539212226867676",
      Price= 3000,
      cframe= "9.16459084, 1.00000978, 6.53921223, 1, 0, 0, 0, 1, 0, 0, 0, 1",
      Unit_Id= "1_408557",
      Unit= "Minigunner",
    },
  [57] =     {
      Action= "Upgrade",
      Stamp= "9.164590835571289, 2.3500099182128906, 6.539212226867676",
      Price= "750",
      cframe= "9.16459084, 2.35000992, 6.53921223, -0.999530733, 0, 0.0306317601, 0, 1, -0, -0.0306317601, 0, -0.999530733",
      Unit_Id= "1_408557",
      Unit= "Pumpkin",
    },
  [58] =     {
      Action= "Upgrade",
      Stamp= "9.164590835571289, 2.3500099182128906, 6.539212226867676",
      Price= "2,000",
      cframe= "9.16459084, 2.35000992, 6.53921223, -0.999530733, 0, 0.0306317601, 0, 1, -0, -0.0306317601, 0, -0.999530733",
      Unit_Id= "1_408557",
      Unit= "Pumpkin",
    },
  [59] =     {
      Rotation= "0, 0, 0, 1, 0, 0, 0, 1, 0, 0, 0, 1",
      Action= "Place",
      Position= "12.362951278686523, 1.0000097751617432, 6.253942489624023",
      Price= 3000,
      cframe= "12.3629513, 1.00000978, 6.25394249, 1, 0, 0, 0, 1, 0, 0, 0, 1",
      Unit_Id= "1_408911",
      Unit= "Minigunner",
    },
  [60] =     {
      Action= "Upgrade",
      Stamp= "12.362951278686523, 2.3500099182128906, 6.253942489624023",
      Price= "750",
      cframe= "12.3629513, 2.35000992, 6.25394249, -0.98148787, 0, 0.191524178, 0, 1, -0, -0.191524178, 0, -0.98148787",
      Unit_Id= "1_408911",
      Unit= "Pumpkin",
    },
  [61] =     {
      Action= "Upgrade",
      Stamp= "12.362951278686523, 2.3500099182128906, 6.253942489624023",
      Price= "2,000",
      cframe= "12.3629513, 2.35000992, 6.25394249, -0.98148787, 0, 0.191524178, 0, 1, -0, -0.191524178, 0, -0.98148787",
      Unit_Id= "1_408911",
      Unit= "Pumpkin",
    },
  [62] =     {
      Rotation= "0, 0, 0, 1, 0, 0, 0, 1, 0, 0, 0, 1",
      Action= "Place",
      Position= "9.01917839050293, 1.0000097751617432, 3.0500845909118652",
      Price= 3000,
      cframe= "9.01917839, 1.00000978, 3.05008459, 1, 0, 0, 0, 1, 0, 0, 0, 1",
      Unit_Id= "1_409158",
      Unit= "Minigunner",
    },
  [63] =     {
      Action= "Upgrade",
      Stamp= "9.01917839050293, 2.3500099182128906, 3.0500845909118652",
      Price= "750",
      cframe= "9.01917839, 2.35000992, 3.05008459, 1, 0, 0, 0, 1, 0, 0, 0, 1",
      Unit_Id= "1_409158",
      Unit= "Pumpkin",
    },
  [64] =     {
      Action= "Upgrade",
      Stamp= "9.01917839050293, 2.3500099182128906, 3.0500845909118652",
      Price= "2,000",
      cframe= "9.01917839, 2.35000992, 3.05008459, -0.999579489, 0, 0.0289983358, 0, 1.00000012, -0, -0.0289983358, 0, -0.999579489",
      Unit_Id= "1_409158",
      Unit= "Pumpkin",
    },
  [65] =     {
      Action= "Upgrade",
      Stamp= "-35.26913070678711, 2.125009775161743, -23.07887077331543",
      Price= "5,000",
      cframe= "-35.2691307, 2.12500978, -23.0788708, 1, 0, 0, 0, 1, 0, 0, 0, 1",
      Unit_Id= "1_406771",
      Unit= "Arcade",
    },
  [66] =     {
      Action= "Upgrade",
      Stamp= "-39.760047912597656, 2.125009775161743, -22.64792251586914",
      Price= "5,000",
      cframe= "-39.7600479, 2.12500978, -22.6479225, 1, 0, 0, 0, 1, 0, 0, 0, 1",
      Unit_Id= "1_406659",
      Unit= "Arcade",
    },
  [67] =     {
      Action= "Upgrade",
      Stamp= "-37.51580047607422, 2.125009775161743, -14.206832885742188",
      Price= "5,000",
      cframe= "-37.5158005, 2.12500978, -14.2068329, 1, 0, 0, 0, 1, 0, 0, 0, 1",
      Unit_Id= "1_406542",
      Unit= "Arcade",
    },
  [68] =     {
      Action= "Upgrade",
      Stamp= "-41.685794830322266, 2.125009775161743, -14.174489974975586",
      Price= "5,000",
      cframe= "-41.6857948, 2.12500978, -14.17449, 1, 0, 0, 0, 1, 0, 0, 0, 1",
      Unit_Id= "1_406402",
      Unit= "Arcade",
    },
  [69] =     {
      Rotation= "0, 0, 0, 1, 0, 0, 0, 1, 0, 0, 0, 1",
      Action= "Place",
      Position= "12.437832832336426, 1.0000097751617432, 3.113292694091797",
      Price= 3000,
      cframe= "12.4378328, 1.00000978, 3.11329269, 1, 0, 0, 0, 1, 0, 0, 0, 1",
      Unit_Id= "1_409809",
      Unit= "Minigunner",
    },
  [70] =     {
      Action= "Upgrade",
      Stamp= "12.437832832336426, 2.3500099182128906, 3.113292694091797",
      Price= "750",
      cframe= "12.4378328, 2.35000992, 3.11329269, -0.971614301, -0, -0.236570686, -0, 1, -0, 0.236570686, 0, -0.971614301",
      Unit_Id= "1_409809",
      Unit= "Pumpkin",
    },
  [71] =     {
      Action= "Upgrade",
      Stamp= "12.437832832336426, 2.3500099182128906, 3.113292694091797",
      Price= "2,000",
      cframe= "12.4378328, 2.35000992, 3.11329269, -0.942291796, -0, -0.334792823, -0, 1, -0, 0.334792823, 0, -0.942291796",
      Unit_Id= "1_409809",
      Unit= "Pumpkin",
    },
  [72] =     {
      Rotation= "0, 0, 0, 1, 0, 0, 0, 1, 0, 0, 0, 1",
      Action= "Place",
      Position= "14.842793464660645, 1.0000097751617432, 8.15455436706543",
      Price= 3000,
      cframe= "14.8427935, 1.00000978, 8.15455437, 1, 0, 0, 0, 1, 0, 0, 0, 1",
      Unit_Id= "1_410020",
      Unit= "Minigunner",
    },
  [73] =     {
      Action= "Upgrade",
      Stamp= "14.842793464660645, 2.3500099182128906, 8.15455436706543",
      Price= "750",
      cframe= "14.8427935, 2.35000992, 8.15455437, -0.887789726, 0, 0.460249424, 0, 1.00000012, -0, -0.460249484, 0, -0.887789607",
      Unit_Id= "1_410020",
      Unit= "Pumpkin",
    },
  [74] =     {
      Action= "Upgrade",
      Stamp= "14.842793464660645, 2.3500099182128906, 8.15455436706543",
      Price= "2,000",
      cframe= "14.8427935, 2.35000992, 8.15455437, -0.839618325, 0, 0.54317683, 0, 1, -0, -0.54317683, 0, -0.839618325",
      Unit_Id= "1_410020",
      Unit= "Pumpkin",
    },
  [75] =     {
      Rotation= "0, 0, 0, 1, 0, 0, 0, 1, 0, 0, 0, 1",
      Action= "Place",
      Position= "17.11997413635254, 1.0000097751617432, 6.077451229095459",
      Price= 3000,
      cframe= "17.1199741, 1.00000978, 6.07745123, 1, 0, 0, 0, 1, 0, 0, 0, 1",
      Unit_Id= "1_410286",
      Unit= "Minigunner",
    },
  [76] =     {
      Action= "Upgrade",
      Stamp= "17.11997413635254, 2.3500099182128906, 6.077451229095459",
      Price= "750",
      cframe= "17.1199741, 2.35000992, 6.07745123, -0.766262889, 0, 0.642527282, 0, 1.00000012, -0, -0.642527342, 0, -0.76626277",
      Unit_Id= "1_410286",
      Unit= "Pumpkin",
    },
  [77] =     {
      Action= "Upgrade",
      Stamp= "17.11997413635254, 2.3500099182128906, 6.077451229095459",
      Price= "2,000",
      cframe= "17.1199741, 2.35000992, 6.07745123, -0.766262889, 0, 0.642527282, 0, 1.00000012, -0, -0.642527342, 0, -0.76626277",
      Unit_Id= "1_410286",
      Unit= "Pumpkin",
    },
  [78] =     {
      Rotation= "0, 0, 0, 1, 0, 0, 0, 1, 0, 0, 0, 1",
      Action= "Place",
      Position= "16.381595611572266, 1.0000097751617432, -0.006693363189697266",
      Price= 3000,
      cframe= "16.3815956, 1.00000978, -0.00669336319, 1, 0, 0, 0, 1, 0, 0, 0, 1",
      Unit_Id= "1_410580",
      Unit= "Minigunner",
    },
  [79] =     {
      Rotation= "0, 0, 0, 1, 0, 0, 0, 1, 0, 0, 0, 1",
      Action= "Place",
      Position= "13.264350891113281, 1.0000097751617432, -0.20193243026733398",
      Price= 3000,
      cframe= "13.2643509, 1.00000978, -0.20193243, 1, 0, 0, 0, 1, 0, 0, 0, 1",
      Unit_Id= "1_410794",
      Unit= "Minigunner",
    },
  [80] =     {
      Rotation= "0, 0, 0, 1, 0, 0, 0, 1, 0, 0, 0, 1",
      Action= "Place",
      Position= "10.099247932434082, 1.0000097751617432, -0.21225309371948242",
      Price= 3000,
      cframe= "10.0992479, 1.00000978, -0.212253094, 1, 0, 0, 0, 1, 0, 0, 0, 1",
      Unit_Id= "1_411000",
      Unit= "Minigunner",
    },
  [81] =     {
      Action= "Upgrade",
      Stamp= "10.099247932434082, 2.3500099182128906, -0.21225309371948242",
      Price= "750",
      cframe= "10.0992479, 2.35000992, -0.212253094, 1, 0, 0, 0, 1, 0, 0, 0, 1",
      Unit_Id= "1_411000",
      Unit= "Pumpkin",
    },
  [82] =     {
      Action= "Upgrade",
      Stamp= "10.099247932434082, 2.3500099182128906, -0.21225309371948242",
      Price= "2,000",
      cframe= "10.0992479, 2.35000992, -0.212253094, 1, 0, 0, 0, 1, 0, 0, 0, 1",
      Unit_Id= "1_411000",
      Unit= "Pumpkin",
    },
  [83] =     {
      Action= "Upgrade",
      Stamp= "13.264350891113281, 2.3500099182128906, -0.20193243026733398",
      Price= "750",
      cframe= "13.2643509, 2.35000992, -0.20193243, 1, 0, 0, 0, 1, 0, 0, 0, 1",
      Unit_Id= "1_410794",
      Unit= "Pumpkin",
    },
  [84] =     {
      Action= "Upgrade",
      Stamp= "13.264350891113281, 2.3500099182128906, -0.20193243026733398",
      Price= "2,000",
      cframe= "13.2643509, 2.35000992, -0.20193243, 1, 0, 0, 0, 1, 0, 0, 0, 1",
      Unit_Id= "1_410794",
      Unit= "Pumpkin",
    },
  [85] =     {
      Action= "Upgrade",
      Stamp= "16.381595611572266, 2.3500099182128906, -0.006693363189697266",
      Price= "750",
      cframe= "16.3815956, 2.35000992, -0.00669336319, 1, 0, 0, 0, 1, 0, 0, 0, 1",
      Unit_Id= "1_410580",
      Unit= "Pumpkin",
    },
  [86] =     {
      Action= "Upgrade",
      Stamp= "16.381595611572266, 2.3500099182128906, -0.006693363189697266",
      Price= "2,000",
      cframe= "16.3815956, 2.35000992, -0.00669336319, 1, 0, 0, 0, 1, 0, 0, 0, 1",
      Unit_Id= "1_410580",
      Unit= "Pumpkin",
    },
  [87] =     {
      Rotation= "0, 0, 0, 1, 0, 0, 0, 1, 0, 0, 0, 1",
      Action= "Place",
      Position= "6.995553016662598, 1.0000097751617432, -0.026566028594970703",
      Price= 3000,
      cframe= "6.99555302, 1.00000978, -0.0265660286, 1, 0, 0, 0, 1, 0, 0, 0, 1",
      Unit_Id= "1_411307",
      Unit= "Minigunner",
    },
  [88] =     {
      Action= "Upgrade",
      Stamp= "6.995553016662598, 2.3500099182128906, -0.026566028594970703",
      Price= "750",
      cframe= "6.99555302, 2.35000992, -0.0265660286, 1, 0, 0, 0, 1, 0, 0, 0, 1",
      Unit_Id= "1_411307",
      Unit= "Pumpkin",
    },
  [89] =     {
      Action= "Upgrade",
      Stamp= "6.995553016662598, 2.3500099182128906, -0.026566028594970703",
      Price= "2,000",
      cframe= "6.99555302, 2.35000992, -0.0265660286, 1, 0, 0, 0, 1, 0, 0, 0, 1",
      Unit_Id= "1_411307",
      Unit= "Pumpkin",
    },
  [90] =     {
      Rotation= "0, 0, 0, 1, 0, 0, 0, 1, 0, 0, 0, 1",
      Action= "Place",
      Position= "3.704951286315918, 1.0000097751617432, -0.2500152587890625",
      Price= 3000,
      cframe= "3.70495129, 1.00000978, -0.250015259, 1, 0, 0, 0, 1, 0, 0, 0, 1",
      Unit_Id= "1_411529",
      Unit= "Minigunner",
    },
  [91] =     {
      Action= "Upgrade",
      Stamp= "3.704951286315918, 2.3500099182128906, -0.2500152587890625",
      Price= "750",
      cframe= "3.70495129, 2.35000992, -0.250015259, 1, 0, 0, 0, 1, 0, 0, 0, 1",
      Unit_Id= "1_411529",
      Unit= "Pumpkin",
    },
  [92] =     {
      Action= "Upgrade",
      Stamp= "3.704951286315918, 2.3500099182128906, -0.2500152587890625",
      Price= "2,000",
      cframe= "3.70495129, 2.35000992, -0.250015259, 1, 0, 0, 0, 1, 0, 0, 0, 1",
      Unit_Id= "1_411529",
      Unit= "Pumpkin",
    },
  [93] =     {
      Action= "Upgrade",
      Stamp= "3.704951286315918, 2.3500099182128906, -0.2500152587890625",
      Price= "7,500",
      cframe= "3.70495129, 2.35000992, -0.250015259, 1, 0, 0, 0, 1, 0, 0, 0, 1",
      Unit_Id= "1_411529",
      Unit= "Pumpkin",
    },
  [94] =     {
      Action= "Upgrade",
      Stamp= "2.9569215774536133, 2.9000096321105957, 4.701085090637207",
      Price= "9,000",
      cframe= "2.95692158, 2.90000963, 4.70108509, 1, 0, 0, 0, 1, 0, 0, 0, 1",
      Unit_Id= "1_407492",
      Unit= "Maid",
    },
  [95] =     {
      Action= "Upgrade",
      Stamp= "6.002124786376953, 2.3500099182128906, 6.374270915985107",
      Price= "7,500",
      cframe= "6.00212479, 2.35000992, 6.37427092, -0.997505724, 0, 0.070586063, 0, 1, -0, -0.070586063, 0, -0.997505724",
      Unit_Id= "1_407925",
      Unit= "Pumpkin",
    },
  [96] =     {
      Action= "Upgrade",
      Stamp= "6.002124786376953, 2.3500099182128906, 6.374270915985107",
      Price= "10,000",
      cframe= "6.00212479, 2.35000992, 6.37427092, -0.935106874, -0, -0.354365975, -0, 1.00000012, -0, 0.354365975, 0, -0.935106874",
      Unit_Id= "1_407925",
      Unit= "Pumpkin",
    },
  [97] =     {
      Action= "Upgrade",
      Stamp= "5.835860252380371, 2.3500099182128906, 3.127696990966797",
      Price= "7,500",
      cframe= "5.83586025, 2.35000992, 3.12769699, -0.982551396, -0, -0.185991392, -0, 1, -0, 0.185991392, 0, -0.982551396",
      Unit_Id= "1_408239",
      Unit= "Pumpkin",
    },
  [98] =     {
      Action= "Upgrade",
      Stamp= "5.835860252380371, 2.3500099182128906, 3.127696990966797",
      Price= "10,000",
      cframe= "5.83586025, 2.35000992, 3.12769699, -0.984954894, -0, -0.172811881, -0, 1, -0, 0.172811896, 0, -0.984954774",
      Unit_Id= "1_408239",
      Unit= "Pumpkin",
    },
  [99] =     {
      Action= "Upgrade",
      Stamp= "3.704951286315918, 2.3500099182128906, -0.2500152587890625",
      Price= "10,000",
      cframe= "3.70495129, 2.35000992, -0.250015259, -0.92123878, -0, -0.388997555, -0, 1, -0, 0.388997555, 0, -0.92123878",
      Unit_Id= "1_411529",
      Unit= "Pumpkin",
    },
  [100] =     {
      Action= "Upgrade",
      Stamp= "9.164590835571289, 2.3500099182128906, 6.539212226867676",
      Price= "7,500",
      cframe= "9.16459084, 2.35000992, 6.53921223, -0.999486983, 0, 0.0320279375, 0, 1, -0, -0.0320279375, 0, -0.999486983",
      Unit_Id= "1_408557",
      Unit= "Pumpkin",
    },
  [101] =     {
      Action= "Upgrade",
      Stamp= "9.164590835571289, 2.3500099182128906, 6.539212226867676",
      Price= "10,000",
      cframe= "9.16459084, 2.35000992, 6.53921223, -0.998752713, 0, 0.0499300286, 0, 1, -0, -0.0499300286, 0, -0.998752713",
      Unit_Id= "1_408557",
      Unit= "Pumpkin",
    },
  [102] =     {
      Action= "Upgrade",
      Stamp= "12.362951278686523, 2.3500099182128906, 6.253942489624023",
      Price= "7,500",
      cframe= "12.3629513, 2.35000992, 6.25394249, -0.952743113, 0, 0.303777337, 0, 1, -0, -0.303777367, 0, -0.952742994",
      Unit_Id= "1_408911",
      Unit= "Pumpkin",
    },
  [103] =     {
      Action= "Upgrade",
      Stamp= "12.362951278686523, 2.3500099182128906, 6.253942489624023",
      Price= "10,000",
      cframe= "12.3629513, 2.35000992, 6.25394249, -0.983680487, 0, 0.179924205, 0, 1, -0, -0.179924205, 0, -0.983680487",
      Unit_Id= "1_408911",
      Unit= "Pumpkin",
    },
  [104] =     {
      Action= "Upgrade",
      Stamp= "9.01917839050293, 2.3500099182128906, 3.0500845909118652",
      Price= "7,500",
      cframe= "9.01917839, 2.35000992, 3.05008459, -0.737012088, -0, -0.675879598, -0, 1, -0, 0.675879657, 0, -0.737012029",
      Unit_Id= "1_409158",
      Unit= "Pumpkin",
    },
  [105] =     {
      Action= "Upgrade",
      Stamp= "9.01917839050293, 2.3500099182128906, 3.0500845909118652",
      Price= "10,000",
      cframe= "9.01917839, 2.35000992, 3.05008459, -0.709424794, -0, -0.704781175, -0, 1, -0, 0.704781175, 0, -0.709424794",
      Unit_Id= "1_409158",
      Unit= "Pumpkin",
    },
  [106] =     {
      Action= "Upgrade",
      Stamp= "12.437832832336426, 2.3500099182128906, 3.113292694091797",
      Price= "7,500",
      cframe= "12.4378328, 2.35000992, 3.11329269, -0.985948741, 0, 0.167048484, 0, 1.00000012, -0, -0.167048484, 0, -0.985948741",
      Unit_Id= "1_409809",
      Unit= "Pumpkin",
    },
  [107] =     {
      Action= "Upgrade",
      Stamp= "12.437832832336426, 2.3500099182128906, 3.113292694091797",
      Price= "10,000",
      cframe= "12.4378328, 2.35000992, 3.11329269, -0.970943153, 0, 0.239310205, 0, 1, -0, -0.239310205, 0, -0.970943153",
      Unit_Id= "1_409809",
      Unit= "Pumpkin",
    },
  [108] =     {
      Action= "Upgrade",
      Stamp= "10.099247932434082, 2.3500099182128906, -0.21225309371948242",
      Price= "7,500",
      cframe= "10.0992479, 2.35000992, -0.212253094, -0.616733491, -0, -0.787172019, -0, 1, -0, 0.787172139, 0, -0.616733432",
      Unit_Id= "1_411000",
      Unit= "Pumpkin",
    },
  [109] =     {
      Action= "Upgrade",
      Stamp= "10.099247932434082, 2.3500099182128906, -0.21225309371948242",
      Price= "10,000",
      cframe= "10.0992479, 2.35000992, -0.212253094, -0.998048127, 0, 0.0624506958, 0, 1, -0, -0.0624507032, 0, -0.998048007",
      Unit_Id= "1_411000",
      Unit= "Pumpkin",
    },
  [110] =     {
      Action= "Upgrade",
      Stamp= "6.995553016662598, 2.3500099182128906, -0.026566028594970703",
      Price= "7,500",
      cframe= "6.99555302, 2.35000992, -0.0265660286, -0.993551791, -0, -0.113379262, -0, 1, -0, 0.113379262, 0, -0.993551791",
      Unit_Id= "1_411307",
      Unit= "Pumpkin",
    },
  [111] =     {
      Action= "Upgrade",
      Stamp= "6.995553016662598, 2.3500099182128906, -0.026566028594970703",
      Price= "10,000",
      cframe= "6.99555302, 2.35000992, -0.0265660286, -0.984051764, -0, -0.177882791, -0, 1, -0, 0.177882805, 0, -0.984051645",
      Unit_Id= "1_411307",
      Unit= "Pumpkin",
    },
  [112] =     {
      Action= "Upgrade",
      Stamp= "14.842793464660645, 2.3500099182128906, 8.15455436706543",
      Price= "7,500",
      cframe= "14.8427935, 2.35000992, 8.15455437, -0.848150253, 0, 0.529755831, 0, 1.00000012, -0, -0.529755831, 0, -0.848150253",
      Unit_Id= "1_410020",
      Unit= "Pumpkin",
    },
  [113] =     {
      Action= "Upgrade",
      Stamp= "14.842793464660645, 2.3500099182128906, 8.15455436706543",
      Price= "10,000",
      cframe= "14.8427935, 2.35000992, 8.15455437, 0.0281173363, 0, -0.999604642, -0, 1, -0, 0.999604642, 0, 0.0281173363",
      Unit_Id= "1_410020",
      Unit= "Pumpkin",
    },
  [114] =     {
      Action= "Upgrade",
      Stamp= "17.11997413635254, 2.3500099182128906, 6.077451229095459",
      Price= "7,500",
      cframe= "17.1199741, 2.35000992, 6.07745123, -0.8939569, 0, 0.448153049, 0, 1.00000012, -0, -0.448153049, 0, -0.8939569",
      Unit_Id= "1_410286",
      Unit= "Pumpkin",
    },
  [115] =     {
      Action= "Upgrade",
      Stamp= "17.11997413635254, 2.3500099182128906, 6.077451229095459",
      Price= "10,000",
      cframe= "17.1199741, 2.35000992, 6.07745123, -0.750406861, 0, 0.660976231, 0, 1, -0, -0.660976291, 0, -0.750406742",
      Unit_Id= "1_410286",
      Unit= "Pumpkin",
    },
  [116] =     {
      Action= "Upgrade",
      Stamp= "13.264350891113281, 2.3500099182128906, -0.20193243026733398",
      Price= "7,500",
      cframe= "13.2643509, 2.35000992, -0.20193243, -0.973867714, 0, 0.227116257, 0, 1.00000012, -0, -0.227116257, 0, -0.973867714",
      Unit_Id= "1_410794",
      Unit= "Pumpkin",
    },
  [117] =     {
      Action= "Upgrade",
      Stamp= "13.264350891113281, 2.3500099182128906, -0.20193243026733398",
      Price= "10,000",
      cframe= "13.2643509, 2.35000992, -0.20193243, -0.962519944, 0, 0.271210998, 0, 1, -0, -0.271210998, 0, -0.962519944",
      Unit_Id= "1_410794",
      Unit= "Pumpkin",
    },
  [118] =     {
      Action= "Upgrade",
      Stamp= "16.381595611572266, 2.3500099182128906, -0.006693363189697266",
      Price= "7,500",
      cframe= "16.3815956, 2.35000992, -0.00669336319, -0.894392371, 0, 0.447283387, 0, 1, -0, -0.447283447, 0, -0.894392252",
      Unit_Id= "1_410580",
      Unit= "Pumpkin",
    },
  [119] =     {
      Action= "Upgrade",
      Stamp= "16.381595611572266, 2.3500099182128906, -0.006693363189697266",
      Price= "10,000",
      cframe= "16.3815956, 2.35000992, -0.00669336319, -0.894392371, 0, 0.447283387, 0, 1, -0, -0.447283447, 0, -0.894392252",
      Unit_Id= "1_410580",
      Unit= "Pumpkin",
    },
  [120] =     {
      Rotation= "0, 0, 0, 1, 0, 0, 0, 1, 0, 0, 0, 1",
      Action= "Place",
      Position= "7.297435760498047, 1.0000097751617432, -7.094053268432617",
      Price= 600,
      cframe= "7.29743576, 1.00000978, -7.09405327, 1, 0, 0, 0, 1, 0, 0, 0, 1",
      Unit_Id= "1_416471",
      Unit= "Crook Boss",
    },
  [121] =     {
      Action= "Upgrade",
      Stamp= "7.297435760498047, 2.3500099182128906, -7.094053268432617",
      Price= "275",
      cframe= "7.29743576, 2.35000992, -7.09405327, 1, 0, 0, 0, 1, 0, 0, 0, 1",
      Unit_Id= "1_416471",
      Unit= "Golden",
    },
  [122] =     {
      Action= "Upgrade",
      Stamp= "7.297435760498047, 2.3500099182128906, -7.094053268432617",
      Price= "1,050",
      cframe= "7.29743576, 2.35000992, -7.09405327, 1, 0, 0, 0, 1, 0, 0, 0, 1",
      Unit_Id= "1_416471",
      Unit= "Golden",
    },
  [123] =     {
      Action= "Upgrade",
      Stamp= "7.297435760498047, 2.3500099182128906, -7.094053268432617",
      Price= "3,250",
      cframe= "7.29743576, 2.35000992, -7.09405327, 1, 0, 0, 0, 1, 0, 0, 0, 1",
      Unit_Id= "1_416471",
      Unit= "Golden",
    },
  [124] =     {
      Action= "Upgrade",
      Stamp= "7.297435760498047, 2.3500099182128906, -7.094053268432617",
      Price= "8,500",
      cframe= "7.29743576, 2.35000992, -7.09405327, 1, 0, 0, 0, 1, 0, 0, 0, 1",
      Unit_Id= "1_416471",
      Unit= "Golden",
    },
  [125] =     {
      Rotation= "0, 0, 0, 1, 0, 0, 0, 1, 0, 0, 0, 1",
      Action= "Place",
      Position= "10.632741928100586, 1.0000097751617432, -8.166915893554688",
      Price= 600,
      cframe= "10.6327419, 1.00000978, -8.16691589, 1, 0, 0, 0, 1, 0, 0, 0, 1",
      Unit_Id= "1_416840",
      Unit= "Crook Boss",
    },
  [126] =     {
      Action= "Upgrade",
      Stamp= "10.632741928100586, 2.3500099182128906, -8.166915893554688",
      Price= "275",
      cframe= "10.6327419, 2.35000992, -8.16691589, 1, 0, 0, 0, 1, 0, 0, 0, 1",
      Unit_Id= "1_416840",
      Unit= "Golden",
    },
  [127] =     {
      Action= "Upgrade",
      Stamp= "10.632741928100586, 2.3500099182128906, -8.166915893554688",
      Price= "1,050",
      cframe= "10.6327419, 2.35000992, -8.16691589, 1, 0, 0, 0, 1, 0, 0, 0, 1",
      Unit_Id= "1_416840",
      Unit= "Golden",
    },
  [128] =     {
      Action= "Upgrade",
      Stamp= "10.632741928100586, 2.3500099182128906, -8.166915893554688",
      Price= "3,250",
      cframe= "10.6327419, 2.35000992, -8.16691589, -0.473855317, -0, -0.880602717, -0, 1, -0, 0.880602717, 0, -0.473855317",
      Unit_Id= "1_416840",
      Unit= "Golden",
    },
  [129] =     {
      Action= "Upgrade",
      Stamp= "10.632741928100586, 2.3500099182128906, -8.166915893554688",
      Price= "8,500",
      cframe= "10.6327419, 2.35000992, -8.16691589, -0.460952193, -0, -0.887424946, -0, 1, -0, 0.887425065, 0, -0.460952133",
      Unit_Id= "1_416840",
      Unit= "Golden",
    },
  [130] =     {
      Rotation= "0, 0, 0, 1, 0, 0, 0, 1, 0, 0, 0, 1",
      Action= "Place",
      Position= "14.091924667358398, 1.0000097751617432, -8.183403015136719",
      Price= 600,
      cframe= "14.0919247, 1.00000978, -8.18340302, 1, 0, 0, 0, 1, 0, 0, 0, 1",
      Unit_Id= "1_417050",
      Unit= "Crook Boss",
    },
  [131] =     {
      Action= "Upgrade",
      Stamp= "14.091924667358398, 2.3500099182128906, -8.183403015136719",
      Price= "275",
      cframe= "14.0919247, 2.35000992, -8.18340302, 1, 0, 0, 0, 1, 0, 0, 0, 1",
      Unit_Id= "1_417050",
      Unit= "Golden",
    },
  [132] =     {
      Action= "Upgrade",
      Stamp= "14.091924667358398, 2.3500099182128906, -8.183403015136719",
      Price= "1,050",
      cframe= "14.0919247, 2.35000992, -8.18340302, 1, 0, 0, 0, 1, 0, 0, 0, 1",
      Unit_Id= "1_417050",
      Unit= "Golden",
    },
  [133] =     {
      Action= "Upgrade",
      Stamp= "14.091924667358398, 2.3500099182128906, -8.183403015136719",
      Price= "3,250",
      cframe= "14.0919247, 2.35000992, -8.18340302, 1, 0, 0, 0, 1, 0, 0, 0, 1",
      Unit_Id= "1_417050",
      Unit= "Golden",
    },
  [134] =     {
      Action= "Upgrade",
      Stamp= "14.091924667358398, 2.3500099182128906, -8.183403015136719",
      Price= "8,500",
      cframe= "14.0919247, 2.35000992, -8.18340302, 1, 0, 0, 0, 1, 0, 0, 0, 1",
