a = {
  [1] =     {
      Rotation= "0, 0, 0, 1, 0, 0, 0, 1, 0, 0, 0, 1",
      Action= "Place",
      Position= "-22.414382934570312, 2.9999947547912598, 2.572455883026123",
      Price= 200,
      cframe= "-22.4143829, 2.99999475, 2.57245588, 1, 0, 0, 0, 1, 0, 0, 0, 1",
      Unit_Id= "1_403610",
      Unit= "Scout",
    },
  [2] =     {
      Rotation= "0, 0, 0, 1, 0, 0, 0, 1, 0, 0, 0, 1",
      Action= "Place",
      Position= "5.967990875244141, 2.999940872192383, 18.12600326538086",
      Price= 250,
      cframe= "5.96799088, 2.99994087, 18.1260033, 1, 0, 0, 0, 1, 0, 0, 0, 1",
      Unit_Id= "1_403827",
      Unit= "Farm",
    },
  [3] =     {
      Action= "Upgrade",
      Stamp= "5.967990875244141, 4.124940872192383, 18.12600326538086",
      Price= "200",
      cframe= "5.96799088, 4.12494087, 18.1260033, 1, 0, 0, 0, 1, 0, 0, 0, 1",
      Unit_Id= "1_403827",
      Unit= "Arcade",
    },
  [4] =     {
      Rotation= "0, 0, 0, 1, 0, 0, 0, 1, 0, 0, 0, 1",
      Action= "Place",
      Position= "6.081403732299805, 2.999955177307129, 13.762628555297852",
      Price= 250,
      cframe= "6.08140373, 2.99995518, 13.7626286, 1, 0, 0, 0, 1, 0, 0, 0, 1",
      Unit_Id= "1_403960",
      Unit= "Farm",
    },
  [5] =     {
      Action= "Upgrade",
      Stamp= "6.081403732299805, 4.124955654144287, 13.762628555297852",
      Price= "200",
      cframe= "6.08140373, 4.12495565, 13.7626286, 1, 0, 0, 0, 1, 0, 0, 0, 1",
      Unit_Id= "1_403960",
      Unit= "Arcade",
    },
  [6] =     {
      Rotation= "0, 0, 0, 1, 0, 0, 0, 1, 0, 0, 0, 1",
      Action= "Place",
      Position= "5.421019554138184, 2.999969482421875, 9.50756549835205",
      Price= 250,
      cframe= "5.42101955, 2.99996948, 9.5075655, 1, 0, 0, 0, 1, 0, 0, 0, 1",
      Unit_Id= "1_405271",
      Unit= "Farm",
    },
  [7] =     {
      Action= "Upgrade",
      Stamp= "5.421019554138184, 4.124969482421875, 9.50756549835205",
      Price= "200",
      cframe= "5.42101955, 4.12496948, 9.5075655, 1, 0, 0, 0, 1, 0, 0, 0, 1",
      Unit_Id= "1_405271",
      Unit= "Arcade",
    },
  [8] =     {
      Rotation= "0, 0, 0, 1, 0, 0, 0, 1, 0, 0, 0, 1",
      Action= "Place",
      Position= "4.7681498527526855, 3.0257580280303955, 4.784019470214844",
      Price= 250,
      cframe= "4.76814985, 3.02575803, 4.78401947, 1, 0, 0, 0, 1, 0, 0, 0, 1",
      Unit_Id= "1_405385",
      Unit= "Farm",
    },
  [9] =     {
      Action= "Upgrade",
      Stamp= "4.768149375915527, 4.150757789611816, 4.784016132354736",
      Price= "200",
      cframe= "4.76814938, 4.15075779, 4.78401613, 1, 0, 0, 0, 1, 0, 0, 0, 1",
      Unit_Id= "1_405385",
      Unit= "Arcade",
    },
  [10] =     {
      Rotation= "0, 0, 0, 1, 0, 0, 0, 1, 0, 0, 0, 1",
      Action= "Place",
      Position= "1.1810626983642578, 2.9999403953552246, 18.274608612060547",
      Price= 250,
      cframe= "1.1810627, 2.9999404, 18.2746086, 1, 0, 0, 0, 1, 0, 0, 0, 1",
      Unit_Id= "1_405519",
      Unit= "Farm",
    },
  [11] =     {
      Action= "Upgrade",
      Stamp= "-22.414382934570312, 4.3499956130981445, 2.572455883026123",
      Price= "125",
      cframe= "-22.4143829, 4.34999561, 2.57245588, -0.44403252, 0, 0.896010637, 0, 1, -0, -0.896010756, 0, -0.44403246",
      Unit_Id= "1_403610",
      Unit= "Golden",
    },
  [12] =     {
      Action= "Upgrade",
      Stamp= "-22.414382934570312, 4.3499956130981445, 2.572455883026123",
      Price= "500",
      cframe= "-22.4143829, 4.34999561, 2.57245588, 0.0714733154, 0, 0.997442603, -0, 1.00000012, -0, -0.997442484, 0, 0.0714733228",
      Unit_Id= "1_403610",
      Unit= "Golden",
    },
  [13] =     {
      Rotation= "0, 0, 0, 1, 0, 0, 0, 1, 0, 0, 0, 1",
      Action= "Place",
      Position= "1.3273391723632812, 2.999952793121338, 14.205215454101562",
      Price= 250,
      cframe= "1.32733917, 2.99995279, 14.2052155, 1, 0, 0, 0, 1, 0, 0, 0, 1",
      Unit_Id= "1_405661",
      Unit= "Farm",
    },
  [14] =     {
      Action= "Upgrade",
      Stamp= "1.3273391723632812, 4.124953269958496, 14.205215454101562",
      Price= "200",
      cframe= "1.32733917, 4.12495327, 14.2052155, 1, 0, 0, 0, 1, 0, 0, 0, 1",
      Unit_Id= "1_405661",
      Unit= "Arcade",
    },
  [15] =     {
      Action= "Upgrade",
      Stamp= "1.1810626983642578, 4.124940395355225, 18.274608612060547",
      Price= "200",
      cframe= "1.1810627, 4.1249404, 18.2746086, 1, 0, 0, 0, 1, 0, 0, 0, 1",
      Unit_Id= "1_405519",
      Unit= "Arcade",
    },
  [16] =     {
      Rotation= "0, 0, 0, 1, 0, 0, 0, 1, 0, 0, 0, 1",
      Action= "Place",
      Position= "0.8199939727783203, 2.999969482421875, 9.395092010498047",
      Price= 250,
      cframe= "0.819993973, 2.99996948, 9.39509201, 1, 0, 0, 0, 1, 0, 0, 0, 1",
      Unit_Id= "1_405812",
      Unit= "Farm",
    },
  [17] =     {
      Action= "Upgrade",
      Stamp= "0.8199939727783203, 4.124969482421875, 9.395092010498047",
      Price= "200",
      cframe= "0.819993973, 4.12496948, 9.39509201, 1, 0, 0, 0, 1, 0, 0, 0, 1",
      Unit_Id= "1_405812",
      Unit= "Arcade",
    },
  [18] =     {
      Rotation= "0, 0, 0, 1, 0, 0, 0, 1, 0, 0, 0, 1",
      Action= "Place",
      Position= "0.1593160629272461, 2.9999847412109375, 4.672884941101074",
      Price= 250,
      cframe= "0.159316063, 2.99998474, 4.67288494, 1, 0, 0, 0, 1, 0, 0, 0, 1",
      Unit_Id= "1_405939",
      Unit= "Farm",
    },
  [19] =     {
      Action= "Upgrade",
      Stamp= "0.1593160629272461, 4.1249847412109375, 4.672884941101074",
      Price= "200",
      cframe= "0.159316063, 4.12498474, 4.67288494, 1, 0, 0, 0, 1, 0, 0, 0, 1",
      Unit_Id= "1_405939",
      Unit= "Arcade",
    },
  [20] =     {
      Rotation= "0, 0, 0, 1, 0, 0, 0, 1, 0, 0, 0, 1",
      Action= "Place",
      Position= "-19.36598777770996, 2.999978542327881, 3.084197998046875",
      Price= 200,
      cframe= "-19.3659878, 2.99997854, 3.084198, 1, 0, 0, 0, 1, 0, 0, 0, 1",
      Unit_Id= "1_405988",
      Unit= "Scout",
    },
  [21] =     {
      Action= "Upgrade",
      Stamp= "0.1593160629272461, 4.1249847412109375, 4.672884941101074",
      Price= "550",
      cframe= "0.159316063, 4.12498474, 4.67288494, 1, 0, 0, 0, 1, 0, 0, 0, 1",
      Unit_Id= "1_405939",
      Unit= "Arcade",
    },
  [22] =     {
      Action= "Upgrade",
      Stamp= "0.8199939727783203, 4.124969482421875, 9.395092010498047",
      Price= "550",
      cframe= "0.819993973, 4.12496948, 9.39509201, 1, 0, 0, 0, 1, 0, 0, 0, 1",
      Unit_Id= "1_405812",
      Unit= "Arcade",
    },
  [23] =     {
      Action= "Upgrade",
      Stamp= "1.3273391723632812, 4.124953269958496, 14.205215454101562",
      Price= "550",
      cframe= "1.32733917, 4.12495327, 14.2052155, 1, 0, 0, 0, 1, 0, 0, 0, 1",
      Unit_Id= "1_405661",
      Unit= "Arcade",
    },
  [24] =     {
      Action= "Upgrade",
      Stamp= "-19.36598777770996, 4.349978446960449, 3.084197998046875",
      Price= "125",
      cframe= "-19.3659878, 4.34997845, 3.084198, -0.551732302, -0, -0.83402133, -0, 1.00000012, -0, 0.83402133, 0, -0.551732302",
      Unit_Id= "1_405988",
      Unit= "Golden",
    },
  [25] =     {
      Action= "Upgrade",
      Stamp= "1.1810626983642578, 4.124940395355225, 18.274608612060547",
      Price= "550",
      cframe= "1.1810627, 4.1249404, 18.2746086, 1, 0, 0, 0, 1, 0, 0, 0, 1",
      Unit_Id= "1_405519",
      Unit= "Arcade",
    },
  [26] =     {
      Action= "Upgrade",
      Stamp= "5.967990875244141, 4.124940872192383, 18.12600326538086",
      Price= "550",
      cframe= "5.96799088, 4.12494087, 18.1260033, 1, 0, 0, 0, 1, 0, 0, 0, 1",
      Unit_Id= "1_403827",
      Unit= "Arcade",
    },
  [27] =     {
      Action= "Upgrade",
      Stamp= "6.081403732299805, 4.124955654144287, 13.762628555297852",
      Price= "550",
      cframe= "6.08140373, 4.12495565, 13.7626286, 1, 0, 0, 0, 1, 0, 0, 0, 1",
      Unit_Id= "1_403960",
      Unit= "Arcade",
    },
  [28] =     {
      Action= "Upgrade",
      Stamp= "5.421019554138184, 4.124969482421875, 9.50756549835205",
      Price= "550",
      cframe= "5.42101955, 4.12496948, 9.5075655, 1, 0, 0, 0, 1, 0, 0, 0, 1",
      Unit_Id= "1_405271",
      Unit= "Arcade",
    },
  [29] =     {
      Action= "Upgrade",
      Stamp= "4.768149375915527, 4.150757789611816, 4.784016132354736",
      Price= "550",
      cframe= "4.76814938, 4.15075779, 4.78401613, 1, 0, 0, 0, 1, 0, 0, 0, 1",
      Unit_Id= "1_405385",
      Unit= "Arcade",
    },
  [30] =     {
      Action= "Upgrade",
      Stamp= "-19.36598777770996, 4.349978446960449, 3.084197998046875",
      Price= "500",
      cframe= "-19.3659878, 4.34997845, 3.084198, -0.214947194, 0, 0.976625621, 0, 1, -0, -0.976625741, 0, -0.214947164",
      Unit_Id= "1_405988",
      Unit= "Golden",
    },
  [31] =     {
      Action= "Upgrade",
      Stamp= "0.1593160629272461, 4.1249847412109375, 4.672884941101074",
      Price= "1,000",
      cframe= "0.159316063, 4.12498474, 4.67288494, 1, 0, 0, 0, 1, 0, 0, 0, 1",
      Unit_Id= "1_405939",
      Unit= "Arcade",
    },
  [32] =     {
      Action= "Upgrade",
      Stamp= "0.8199939727783203, 4.124969482421875, 9.395092010498047",
      Price= "1,000",
      cframe= "0.819993973, 4.12496948, 9.39509201, 1, 0, 0, 0, 1, 0, 0, 0, 1",
      Unit_Id= "1_405812",
      Unit= "Arcade",
    },
  [33] =     {
      Action= "Upgrade",
      Stamp= "4.768149375915527, 4.150757789611816, 4.784016132354736",
      Price= "1,000",
      cframe= "4.76814938, 4.15075779, 4.78401613, 1, 0, 0, 0, 1, 0, 0, 0, 1",
      Unit_Id= "1_405385",
      Unit= "Arcade",
    },
  [34] =     {
      Action= "Upgrade",
      Stamp= "5.421019554138184, 4.124969482421875, 9.50756549835205",
      Price= "1,000",
      cframe= "5.42101955, 4.12496948, 9.5075655, 1, 0, 0, 0, 1, 0, 0, 0, 1",
      Unit_Id= "1_405271",
      Unit= "Arcade",
    },
  [35] =     {
      Action= "Upgrade",
      Stamp= "1.3273391723632812, 4.124953269958496, 14.205215454101562",
      Price= "1,000",
      cframe= "1.32733917, 4.12495327, 14.2052155, 1, 0, 0, 0, 1, 0, 0, 0, 1",
      Unit_Id= "1_405661",
      Unit= "Arcade",
    },
  [36] =     {
      Action= "Upgrade",
      Stamp= "-22.414382934570312, 4.3499956130981445, 2.572455883026123",
      Price= "1,500",
      cframe= "-22.4143829, 4.34999561, 2.57245588, 0.663570821, 0, -0.748113453, -0, 1, -0, 0.748113453, 0, 0.663570821",
      Unit_Id= "1_403610",
      Unit= "Golden",
    },
  [37] =     {
      Action= "Upgrade",
      Stamp= "6.081403732299805, 4.124955654144287, 13.762628555297852",
      Price= "1,000",
      cframe= "6.08140373, 4.12495565, 13.7626286, 1, 0, 0, 0, 1, 0, 0, 0, 1",
      Unit_Id= "1_403960",
      Unit= "Arcade",
    },
  [38] =     {
      Action= "Upgrade",
      Stamp= "5.967990875244141, 4.124940872192383, 18.12600326538086",
      Price= "1,000",
      cframe= "5.96799088, 4.12494087, 18.1260033, 1, 0, 0, 0, 1, 0, 0, 0, 1",
      Unit_Id= "1_403827",
      Unit= "Arcade",
    },
  [39] =     {
      Rotation= "0, 0, 0, 1, 0, 0, 0, 1, 0, 0, 0, 1",
      Action= "Place",
      Position= "-0.2080097198486328, 2.999972343444824, -20.010868072509766",
      Price= 200,
      cframe= "-0.20800972, 2.99997234, -20.0108681, 1, 0, 0, 0, 1, 0, 0, 0, 1",
      Unit_Id= "1_406403",
      Unit= "Scout",
    },
  [40] =     {
      Action= "Upgrade",
      Stamp= "-19.36598777770996, 4.349978446960449, 3.084197998046875",
      Price= "1,500",
      cframe= "-19.3659878, 4.34997845, 3.084198, -0.829480827, -0, -0.558535337, -0, 1.00000012, -0, 0.558535397, 0, -0.829480708",
      Unit_Id= "1_405988",
      Unit= "Golden",
    },
  [41] =     {
      Action= "Upgrade",
      Stamp= "0.8199939727783203, 4.124969482421875, 9.395092010498047",
      Price= "2,500",
      cframe= "0.819993973, 4.12496948, 9.39509201, 1, 0, 0, 0, 1, 0, 0, 0, 1",
      Unit_Id= "1_405812",
      Unit= "Arcade",
    },
  [42] =     {
      Action= "Upgrade",
      Stamp= "0.1593160629272461, 4.1249847412109375, 4.672884941101074",
      Price= "2,500",
      cframe= "0.159316063, 4.12498474, 4.67288494, 1, 0, 0, 0, 1, 0, 0, 0, 1",
      Unit_Id= "1_405939",
      Unit= "Arcade",
    },
  [43] =     {
      Action= "Upgrade",
      Stamp= "1.1810626983642578, 4.124940395355225, 18.274608612060547",
      Price= "1,000",
      cframe= "1.1810627, 4.1249404, 18.2746086, 1, 0, 0, 0, 1, 0, 0, 0, 1",
      Unit_Id= "1_405519",
      Unit= "Arcade",
    },
  [44] =     {
      Action= "Upgrade",
      Stamp= "-19.36598777770996, 4.349978446960449, 3.084197998046875",
      Price= "4,000",
      cframe= "-19.3659878, 4.34997845, 3.084198, -0.475944549, -0, -0.879475296, -0, 1.00000012, -0, 0.879475415, 0, -0.475944489",
      Unit_Id= "1_405988",
      Unit= "Golden",
    },
  [45] =     {
      Action= "Upgrade",
      Stamp= "5.421019554138184, 4.124969482421875, 9.50756549835205",
      Price= "2,500",
      cframe= "5.42101955, 4.12496948, 9.5075655, 1, 0, 0, 0, 1, 0, 0, 0, 1",
      Unit_Id= "1_405271",
      Unit= "Arcade",
    },
  [46] =     {
      Action= "Upgrade",
      Stamp= "6.081403732299805, 4.124955654144287, 13.762628555297852",
      Price= "2,500",
      cframe= "6.08140373, 4.12495565, 13.7626286, 1, 0, 0, 0, 1, 0, 0, 0, 1",
      Unit_Id= "1_403960",
      Unit= "Arcade",
    },
  [47] =     {
      Action= "Upgrade",
      Stamp= "5.967990875244141, 4.124940872192383, 18.12600326538086",
      Price= "2,500",
      cframe= "5.96799088, 4.12494087, 18.1260033, 1, 0, 0, 0, 1, 0, 0, 0, 1",
      Unit_Id= "1_403827",
      Unit= "Arcade",
    },
  [48] =     {
      Action= "Upgrade",
      Stamp= "0.8199939727783203, 4.124969482421875, 9.395092010498047",
      Price= "5,000",
      cframe= "0.819993973, 4.12496948, 9.39509201, 1, 0, 0, 0, 1, 0, 0, 0, 1",
      Unit_Id= "1_405812",
      Unit= "Arcade",
    },
  [49] =     {
      Action= "Upgrade",
      Stamp= "1.3273391723632812, 4.124953269958496, 14.205215454101562",
      Price= "2,500",
      cframe= "1.32733917, 4.12495327, 14.2052155, 1, 0, 0, 0, 1, 0, 0, 0, 1",
      Unit_Id= "1_405661",
      Unit= "Arcade",
    },
  [50] =     {
      Action= "Upgrade",
      Stamp= "1.3273391723632812, 4.124953269958496, 14.205215454101562",
      Price= "5,000",
      cframe= "1.32733917, 4.12495327, 14.2052155, 1, 0, 0, 0, 1, 0, 0, 0, 1",
      Unit_Id= "1_405661",
      Unit= "Arcade",
    },
  [51] =     {
      Action= "Upgrade",
      Stamp= "1.1810626983642578, 4.124940395355225, 18.274608612060547",
      Price= "2,500",
      cframe= "1.1810627, 4.1249404, 18.2746086, 1, 0, 0, 0, 1, 0, 0, 0, 1",
      Unit_Id= "1_405519",
      Unit= "Arcade",
    },
  [52] =     {
      Action= "Upgrade",
      Stamp= "4.768149375915527, 4.150757789611816, 4.784016132354736",
      Price= "2,500",
      cframe= "4.76814938, 4.15075779, 4.78401613, 1, 0, 0, 0, 1, 0, 0, 0, 1",
      Unit_Id= "1_405385",
      Unit= "Arcade",
    },
  [53] =     {
      Action= "Upgrade",
      Stamp= "0.1593160629272461, 4.1249847412109375, 4.672884941101074",
      Price= "5,000",
      cframe= "0.159316063, 4.12498474, 4.67288494, 1, 0, 0, 0, 1, 0, 0, 0, 1",
      Unit_Id= "1_405939",
      Unit= "Arcade",
    },
  [54] =     {
      Rotation= "0, 0, 0, 1, 0, 0, 0, 1, 0, 0, 0, 1",
      Action= "Place",
      Position= "-22.643814086914062, 2.999983310699463, -1.8563036918640137",
      Price= 650,
      cframe= "-22.6438141, 2.99998331, -1.85630369, 1, 0, 0, 0, 1, 0, 0, 0, 1",
      Unit_Id= "1_407241",
      Unit= "Commander",
    },
  [55] =     {
      Action= "Upgrade",
      Stamp= "-22.643814086914062, 4.899983882904053, -1.8563036918640137",
      Price= "850",
      cframe= "-22.6438141, 4.89998388, -1.85630369, 1, 0, 0, 0, 1, 0, 0, 0, 1",
      Unit_Id= "1_407241",
      Unit= "Maid",
    },
  [56] =     {
      Rotation= "0, 0, 0, 1, 0, 0, 0, 1, 0, 0, 0, 1",
      Action= "Place",
      Position= "-16.262554168701172, 2.9999780654907227, 2.9568216800689697",
      Price= 2000,
      cframe= "-16.2625542, 2.99997807, 2.95682168, 1, 0, 0, 0, 1, 0, 0, 0, 1",
      Unit_Id= "1_407486",
      Unit= "Minigunner",
    },
  [57] =     {
      Action= "Upgrade",
      Stamp= "-16.262554168701172, 4.349977970123291, 2.9568216800689697",
      Price= "750",
      cframe= "-16.2625542, 4.34997797, 2.95682168, -0.847598612, -0, -0.53063792, -0, 1, -0, 0.53063792, 0, -0.847598612",
      Unit_Id= "1_407486",
      Unit= "Pumpkin",
    },
  [58] =     {
      Action= "Upgrade",
      Stamp= "-16.262554168701172, 4.349977970123291, 2.9568216800689697",
      Price= "2,000",
      cframe= "-16.2625542, 4.34997797, 2.95682168, -0.801662207, -0, -0.597777307, -0, 1, -0, 0.597777367, 0, -0.801662087",
      Unit_Id= "1_407486",
      Unit= "Pumpkin",
    },
  [59] =     {
      Action= "Upgrade",
      Stamp= "-22.643814086914062, 4.899983882904053, -1.8563036918640137",
      Price= "1,800",
      cframe= "-22.6438141, 4.89998388, -1.85630369, 1, 0, 0, 0, 1, 0, 0, 0, 1",
      Unit_Id= "1_407241",
      Unit= "Maid",
    },
  [60] =     {
      Action= "Upgrade",
      Stamp= "-22.643814086914062, 4.899983882904053, -1.8563036918640137",
      Price= "5,500",
      cframe= "-22.6438141, 4.89998388, -1.85630369, 1, 0, 0, 0, 1, 0, 0, 0, 1",
      Unit_Id= "1_407241",
      Unit= "Maid",
    },
  [61] =     {
      Rotation= "0, 0, 0, 1, 0, 0, 0, 1, 0, 0, 0, 1",
      Action= "Place",
      Position= "-13.190410614013672, 2.9999775886535645, 2.6776905059814453",
      Price= 2000,
      cframe= "-13.1904106, 2.99997759, 2.67769051, 1, 0, 0, 0, 1, 0, 0, 0, 1",
      Unit_Id= "1_407871",
      Unit= "Minigunner",
    },
  [62] =     {
      Action= "Upgrade",
      Stamp= "-13.190410614013672, 4.349977970123291, 2.6776905059814453",
      Price= "750",
      cframe= "-13.1904106, 4.34997797, 2.67769051, -0.315913379, 0, 0.948787987, 0, 1, -0, -0.948788106, 0, -0.315913349",
      Unit_Id= "1_407871",
      Unit= "Pumpkin",
    },
  [63] =     {
      Action= "Upgrade",
      Stamp= "-13.190410614013672, 4.349977970123291, 2.6776905059814453",
      Price= "2,000",
      cframe= "-13.1904106, 4.34997797, 2.67769051, -0.286524117, 0, 0.95807302, 0, 1, -0, -0.95807302, 0, -0.286524117",
      Unit_Id= "1_407871",
      Unit= "Pumpkin",
    },
  [64] =     {
      Action= "Upgrade",
      Stamp= "-13.190410614013672, 4.349977970123291, 2.6776905059814453",
      Price= "7,500",
      cframe= "-13.1904106, 4.34997797, 2.67769051, -0.953471959, -0, -0.301482081, -0, 1.00000012, -0, 0.301482111, 0, -0.953471839",
      Unit_Id= "1_407871",
      Unit= "Pumpkin",
    },
  [65] =     {
      Rotation= "0, 0, 0, 1, 0, 0, 0, 1, 0, 0, 0, 1",
      Action= "Place",
      Position= "-9.969600677490234, 2.9999775886535645, 2.4532690048217773",
      Price= 2000,
      cframe= "-9.96960068, 2.99997759, 2.453269, 1, 0, 0, 0, 1, 0, 0, 0, 1",
      Unit_Id= "1_408181",
      Unit= "Minigunner",
    },
  [66] =     {
      Action= "Upgrade",
      Stamp= "-9.969600677490234, 4.349978446960449, 2.4532690048217773",
      Price= "750",
      cframe= "-9.96960068, 4.34997845, 2.453269, -0.923497677, -0, -0.383604079, -0, 1, -0, 0.383604079, 0, -0.923497677",
      Unit_Id= "1_408181",
      Unit= "Pumpkin",
    },
  [67] =     {
      Action= "Upgrade",
      Stamp= "-9.969600677490234, 4.349978446960449, 2.4532690048217773",
      Price= "2,000",
      cframe= "-9.96960068, 4.34997845, 2.453269, -0.962000191, -0, -0.273048878, -0, 1, -0, 0.273048878, 0, -0.962000191",
      Unit_Id= "1_408181",
      Unit= "Pumpkin",
    },
  [68] =     {
      Rotation= "0, 0, 0, 1, 0, 0, 0, 1, 0, 0, 0, 1",
      Action= "Place",
      Position= "-16.707534790039062, 2.9999852180480957, -2.748274564743042",
      Price= 2000,
      cframe= "-16.7075348, 2.99998522, -2.74827456, 1, 0, 0, 0, 1, 0, 0, 0, 1",
      Unit_Id= "1_408489",
      Unit= "Minigunner",
    },
  [69] =     {
      Action= "Upgrade",
      Stamp= "-16.707534790039062, 4.349985122680664, -2.748274564743042",
      Price= "750",
      cframe= "-16.7075348, 4.34998512, -2.74827456, 1, 0, 0, 0, 1, 0, 0, 0, 1",
      Unit_Id= "1_408489",
      Unit= "Pumpkin",
    },
  [70] =     {
      Action= "Upgrade",
      Stamp= "-16.707534790039062, 4.349985122680664, -2.748274564743042",
      Price= "2,000",
      cframe= "-16.7075348, 4.34998512, -2.74827456, 1, 0, 0, 0, 1, 0, 0, 0, 1",
      Unit_Id= "1_408489",
      Unit= "Pumpkin",
    },
  [71] =     {
      Rotation= "0, 0, 0, 1, 0, 0, 0, 1, 0, 0, 0, 1",
      Action= "Place",
      Position= "-13.571614265441895, 2.9999852180480957, -2.9353814125061035",
      Price= 2000,
      cframe= "-13.5716143, 2.99998522, -2.93538141, 1, 0, 0, 0, 1, 0, 0, 0, 1",
      Unit_Id= "1_408908",
      Unit= "Minigunner",
    },
  [72] =     {
      Action= "Upgrade",
      Stamp= "-13.571614265441895, 4.349985122680664, -2.9353814125061035",
      Price= "750",
      cframe= "-13.5716143, 4.34998512, -2.93538141, 1, 0, 0, 0, 1, 0, 0, 0, 1",
      Unit_Id= "1_408908",
      Unit= "Pumpkin",
    },
  [73] =     {
      Action= "Upgrade",
      Stamp= "-13.571614265441895, 4.349985122680664, -2.9353814125061035",
      Price= "2,000",
      cframe= "-13.5716143, 4.34998512, -2.93538141, 1, 0, 0, 0, 1, 0, 0, 0, 1",
      Unit_Id= "1_408908",
      Unit= "Pumpkin",
    },
  [74] =     {
      Action= "Upgrade",
      Stamp= "1.1810626983642578, 4.124940395355225, 18.274608612060547",
      Price= "5,000",
      cframe= "1.1810627, 4.1249404, 18.2746086, 1, 0, 0, 0, 1, 0, 0, 0, 1",
      Unit_Id= "1_405519",
      Unit= "Arcade",
    },
  [75] =     {
      Rotation= "0, 0, 0, 1, 0, 0, 0, 1, 0, 0, 0, 1",
      Action= "Place",
      Position= "-10.521684646606445, 2.9999847412109375, -2.3900766372680664",
      Price= 2000,
      cframe= "-10.5216846, 2.99998474, -2.39007664, 1, 0, 0, 0, 1, 0, 0, 0, 1",
      Unit_Id= "1_409310",
      Unit= "Minigunner",
    },
  [76] =     {
      Action= "Upgrade",
      Stamp= "-10.521684646606445, 4.349984645843506, -2.3900766372680664",
      Price= "750",
      cframe= "-10.5216846, 4.34998465, -2.39007664, -0.718723953, 0, 0.695295513, 0, 1, -0, -0.695295513, 0, -0.718723953",
      Unit_Id= "1_409310",
      Unit= "Pumpkin",
    },
  [77] =     {
      Action= "Upgrade",
      Stamp= "-10.521684646606445, 4.349984645843506, -2.3900766372680664",
      Price= "2,000",
      cframe= "-10.5216846, 4.34998465, -2.39007664, -0.6571244, 0, 0.753782213, 0, 1.00000012, -0, -0.753782213, 0, -0.6571244",
      Unit_Id= "1_409310",
      Unit= "Pumpkin",
    },
  [78] =     {
      Action= "Upgrade",
      Stamp= "-10.521684646606445, 4.349984645843506, -2.3900766372680664",
      Price= "7,500",
      cframe= "-10.5216846, 4.34998465, -2.39007664, -0.513563454, 0, 0.858051598, 0, 1, -0, -0.858051598, 0, -0.513563454",
      Unit_Id= "1_409310",
      Unit= "Pumpkin",
    },
  [79] =     {
      Rotation= "0, 0, 0, 1, 0, 0, 0, 1, 0, 0, 0, 1",
      Action= "Place",
      Position= "-19.838577270507812, 2.999985694885254, -3.4226913452148438",
      Price= 2000,
      cframe= "-19.8385773, 2.99998569, -3.42269135, 1, 0, 0, 0, 1, 0, 0, 0, 1",
      Unit_Id= "1_409569",
      Unit= "Minigunner",
    },
  [80] =     {
      Action= "Upgrade",
      Stamp= "-19.838577270507812, 4.349985599517822, -3.4226913452148438",
      Price= "750",
      cframe= "-19.8385773, 4.3499856, -3.42269135, -0.970239878, -0, -0.242146194, -0, 1.00000012, -0, 0.242146224, 0, -0.970239758",
      Unit_Id= "1_409569",
      Unit= "Pumpkin",
    },
  [81] =     {
      Action= "Upgrade",
      Stamp= "-19.838577270507812, 4.349985599517822, -3.4226913452148438",
      Price= "2,000",
      cframe= "-19.8385773, 4.3499856, -3.42269135, -0.970239878, -0, -0.242146194, -0, 1.00000012, -0, 0.242146224, 0, -0.970239758",
      Unit_Id= "1_409569",
      Unit= "Pumpkin",
    },
  [82] =     {
      Action= "Upgrade",
      Stamp= "-22.643814086914062, 4.899983882904053, -1.8563036918640137",
      Price= "9,000",
      cframe= "-22.6438141, 4.89998388, -1.85630369, 1, 0, 0, 0, 1, 0, 0, 0, 1",
      Unit_Id= "1_407241",
      Unit= "Maid",
    },
  [83] =     {
      Rotation= "0, 0, 0, 1, 0, 0, 0, 1, 0, 0, 0, 1",
      Action= "Place",
      Position= "-26.656822204589844, 2.9999918937683105, 4.2644195556640625",
      Price= 450,
      cframe= "-26.6568222, 2.99999189, 4.26441956, 1, 0, 0, 0, 1, 0, 0, 0, 1",
      Unit_Id= "1_409931",
      Unit= "Crook Boss",
    },
  [84] =     {
      Action= "Upgrade",
      Stamp= "-26.656822204589844, 4.349992275238037, 4.2644195556640625",
      Price= "275",
      cframe= "-26.6568222, 4.34999228, 4.26441956, 1, 0, 0, 0, 1, 0, 0, 0, 1",
      Unit_Id= "1_409931",
      Unit= "Golden",
    },
  [85] =     {
      Action= "Upgrade",
      Stamp= "-26.656822204589844, 4.349992275238037, 4.2644195556640625",
      Price= "1,050",
      cframe= "-26.6568222, 4.34999228, 4.26441956, 1, 0, 0, 0, 1, 0, 0, 0, 1",
      Unit_Id= "1_409931",
      Unit= "Golden",
    },
  [86] =     {
      Action= "Upgrade",
      Stamp= "-26.656822204589844, 4.349992275238037, 4.2644195556640625",
      Price= "3,250",
      cframe= "-26.6568222, 4.34999228, 4.26441956, 1, 0, 0, 0, 1, 0, 0, 0, 1",
      Unit_Id= "1_409931",
      Unit= "Golden",
    },
  [87] =     {
      Rotation= "0, 0, 0, 1, 0, 0, 0, 1, 0, 0, 0, 1",
      Action= "Place",
      Position= "-26.40577507019043, 2.999997615814209, 1.2322216033935547",
      Price= 450,
      cframe= "-26.4057751, 2.99999762, 1.2322216, 1, 0, 0, 0, 1, 0, 0, 0, 1",
      Unit_Id= "1_410174",
      Unit= "Crook Boss",
    },
  [88] =     {
      Rotation= "0, 0, 0, 1, 0, 0, 0, 1, 0, 0, 0, 1",
      Action= "Place",
      Position= "-26.882911682128906, 2.999983787536621, -1.9023551940917969",
      Price= 450,
      cframe= "-26.8829117, 2.99998379, -1.90235519, 1, 0, 0, 0, 1, 0, 0, 0, 1",
      Unit_Id= "1_410334",
      Unit= "Crook Boss",
    },
  [89] =     {
      Rotation= "0, 0, 0, 1, 0, 0, 0, 1, 0, 0, 0, 1",
      Action= "Place",
      Position= "-26.68138885498047, 2.9999890327453613, -4.9549078941345215",
      Price= 450,
      cframe= "-26.6813889, 2.99998903, -4.95490789, 1, 0, 0, 0, 1, 0, 0, 0, 1",
      Unit_Id= "1_410508",
      Unit= "Crook Boss",
    },
  [90] =     {
      Action= "Upgrade",
      Stamp= "-26.40577507019043, 4.349997043609619, 1.2322216033935547",
      Price= "275",
      cframe= "-26.4057751, 4.34999704, 1.2322216, -0.992102325, -0, -0.125432089, -0, 1.00000012, -0, 0.125432104, 0, -0.992102206",
      Unit_Id= "1_410174",
      Unit= "Golden",
    },
  [91] =     {
      Action= "Upgrade",
      Stamp= "-26.40577507019043, 4.349997043609619, 1.2322216033935547",
      Price= "1,050",
      cframe= "-26.4057751, 4.34999704, 1.2322216, -0.612622678, -0, -0.790375531, -0, 1.00000012, -0, 0.79037565, 0, -0.612622619",
      Unit_Id= "1_410174",
      Unit= "Golden",
    },
  [92] =     {
      Action= "Upgrade",
      Stamp= "-26.40577507019043, 4.349997043609619, 1.2322216033935547",
      Price= "3,250",
      cframe= "-26.4057751, 4.34999704, 1.2322216, -0.710803449, -0, -0.703390718, -0, 1, -0, 0.703390718, 0, -0.710803449",
      Unit_Id= "1_410174",
      Unit= "Golden",
    },
  [93] =     {
      Action= "Upgrade",
      Stamp= "-26.40577507019043, 4.349997043609619, 1.2322216033935547",
      Price= "8,500",
      cframe= "-26.4057751, 4.34999704, 1.2322216, -0.582401872, -0, -0.81290102, -0, 1, -0, 0.81290102, 0, -0.582401872",
      Unit_Id= "1_410174",
      Unit= "Golden",
    },
  [94] =     {
      Action= "Upgrade",
      Stamp= "-26.882911682128906, 4.349983215332031, -1.9023551940917969",
      Price= "275",
      cframe= "-26.8829117, 4.34998322, -1.90235519, -0.998784602, -0, -0.0492893755, -0, 1, -0, 0.049289383, 0, -0.998784482",
      Unit_Id= "1_410334",
      Unit= "Golden",
    },
  [95] =     {
      Action= "Upgrade",
      Stamp= "-26.882911682128906, 4.349983215332031, -1.9023551940917969",
      Price= "1,050",
      cframe= "-26.8829117, 4.34998322, -1.90235519, -0.972290397, -0, -0.233776584, -0, 1.00000012, -0, 0.233776584, 0, -0.972290397",
      Unit_Id= "1_410334",
      Unit= "Golden",
    },
  [96] =     {
      Action= "Upgrade",
      Stamp= "-26.882911682128906, 4.349983215332031, -1.9023551940917969",
      Price= "3,250",
      cframe= "-26.8829117, 4.34998322, -1.90235519, -0.892206848, -0, -0.451627135, -0, 1.00000012, -0, 0.451627135, 0, -0.892206848",
      Unit_Id= "1_410334",
      Unit= "Golden",
    },
  [97] =     {
      Action= "Upgrade",
      Stamp= "-26.68138885498047, 4.34998893737793, -4.9549078941345215",
      Price= "275",
      cframe= "-26.6813889, 4.34998894, -4.95490789, 1, 0, 0, 0, 1, 0, 0, 0, 1",
      Unit_Id= "1_410508",
      Unit= "Golden",
    },
  [98] =     {
      Action= "Upgrade",
      Stamp= "-26.68138885498047, 4.34998893737793, -4.9549078941345215",
      Price= "1,050",
      cframe= "-26.6813889, 4.34998894, -4.95490789, 1, 0, 0, 0, 1, 0, 0, 0, 1",
      Unit_Id= "1_410508",
      Unit= "Golden",
    },
  [99] =     {
      Action= "Upgrade",
      Stamp= "-26.68138885498047, 4.34998893737793, -4.9549078941345215",
      Price= "3,250",
      cframe= "-26.6813889, 4.34998894, -4.95490789, 1, 0, 0, 0, 1, 0, 0, 0, 1",
      Unit_Id= "1_410508",
      Unit= "Golden",
    },
  [100] =     {
      Action= "Upgrade",
      Stamp= "-26.656822204589844, 4.349992275238037, 4.2644195556640625",
      Price= "8,500",
      cframe= "-26.6568222, 4.34999228, 4.26441956, -0.867362201, 0, 0.497677445, 0, 1, -0, -0.497677445, 0, -0.867362201",
      Unit_Id= "1_409931",
      Unit= "Golden",
    },
  [101] =     {
      Action= "Upgrade",
      Stamp= "-26.882911682128906, 4.349983215332031, -1.9023551940917969",
      Price= "8,500",
      cframe= "-26.8829117, 4.34998322, -1.90235519, -0.834660172, -0, -0.550765336, -0, 1, -0, 0.550765395, 0, -0.834660053",
      Unit_Id= "1_410334",
      Unit= "Golden",
    },
  [102] =     {
      Action= "Upgrade",
      Stamp= "-26.68138885498047, 4.34998893737793, -4.9549078941345215",
      Price= "8,500",
      cframe= "-26.6813889, 4.34998894, -4.95490789, -0.97977221, -0, -0.200115934, -0, 1, -0, 0.200115934, 0, -0.97977221",
      Unit_Id= "1_410508",
      Unit= "Golden",
    },
  [103] =     {
      Action= "Upgrade",
      Stamp= "-19.838577270507812, 4.349985599517822, -3.4226913452148438",
      Price= "7,500",
      cframe= "-19.8385773, 4.3499856, -3.42269135, -0.902531624, -0, -0.430623561, -0, 1, -0, 0.430623561, 0, -0.902531624",
      Unit_Id= "1_409569",
      Unit= "Pumpkin",
    },
  [104] =     {
      Action= "Upgrade",
      Stamp= "-16.707534790039062, 4.349985122680664, -2.748274564743042",
      Price= "7,500",
      cframe= "-16.7075348, 4.34998512, -2.74827456, -0.949642539, -0, -0.313335657, -0, 1.00000012, -0, 0.313335687, 0, -0.94964242",
      Unit_Id= "1_408489",
      Unit= "Pumpkin",
    },
  [105] =     {
      Action= "Upgrade",
      Stamp= "-16.707534790039062, 4.349985122680664, -2.748274564743042",
      Price= "10,000",
      cframe= "-16.7075348, 4.34998512, -2.74827456, -0.949642539, -0, -0.313335657, -0, 1.00000012, -0, 0.313335687, 0, -0.94964242",
      Unit_Id= "1_408489",
      Unit= "Pumpkin",
    },
  [106] =     {
      Action= "Upgrade",
      Stamp= "-13.571614265441895, 4.349985122680664, -2.9353814125061035",
      Price= "7,500",
      cframe= "-13.5716143, 4.34998512, -2.93538141, -0.9941504, -0, -0.108005308, -0, 1, -0, 0.108005323, 0, -0.994150281",
      Unit_Id= "1_408908",
      Unit= "Pumpkin",
    },
  [107] =     {
      Action= "Upgrade",
      Stamp= "-13.571614265441895, 4.349985122680664, -2.9353814125061035",
      Price= "10,000",
      cframe= "-13.5716143, 4.34998512, -2.93538141, -0.996817052, -0, -0.0797234178, -0, 1.00000012, -0, 0.0797234178, 0, -0.996817052",
      Unit_Id= "1_408908",
      Unit= "Pumpkin",
    },
  [108] =     {
      Action= "Upgrade",
      Stamp= "-10.521684646606445, 4.349984645843506, -2.3900766372680664",
      Price= "10,000",
      cframe= "-10.5216846, 4.34998465, -2.39007664, -0.894355178, 0, 0.447357714, 0, 1, -0, -0.447357774, 0, -0.894355059",
      Unit_Id= "1_409310",
      Unit= "Pumpkin",
    },
  [109] =     {
      Action= "Upgrade",
      Stamp= "-22.414382934570312, 4.3499956130981445, 2.572455883026123",
      Price= "4,000",
      cframe= "-22.4143829, 4.34999561, 2.57245588, -0.977899492, -0, -0.209075809, -0, 1.00000012, -0, 0.209075809, 0, -0.977899492",
      Unit_Id= "1_403610",
      Unit= "Golden",
    },
  [110] =     {
      Action= "Upgrade",
      Stamp= "-16.262554168701172, 4.349977970123291, 2.9568216800689697",
      Price= "7,500",
      cframe= "-16.2625542, 4.34997797, 2.95682168, -0.838609099, -0, -0.544733703, -0, 1, -0, 0.544733703, 0, -0.838609099",
      Unit_Id= "1_407486",
      Unit= "Pumpkin",
    },
  [111] =     {
      Action= "Upgrade",
      Stamp= "-16.262554168701172, 4.349977970123291, 2.9568216800689697",
      Price= "10,000",
      cframe= "-16.2625542, 4.34997797, 2.95682168, -0.742991924, -0, -0.669300318, -0, 0.999999881, -0, 0.669300377, 0, -0.742991865",
      Unit_Id= "1_407486",
      Unit= "Pumpkin",
    },
  [112] =     {
      Action= "Upgrade",
      Stamp= "-13.190410614013672, 4.349977970123291, 2.6776905059814453",
      Price= "10,000",
      cframe= "-13.1904106, 4.34997797, 2.67769051, -0.995800912, 0, 0.0915455446, 0, 1, -0, -0.0915455446, 0, -0.995800912",
      Unit_Id= "1_407871",
      Unit= "Pumpkin",
    },
  [113] =     {
      Action= "Upgrade",
      Stamp= "-9.969600677490234, 4.349978446960449, 2.4532690048217773",
      Price= "7,500",
      cframe= "-9.96960068, 4.34997845, 2.453269, -0.328096241, 0, 0.944644272, 0, 1.00000012, -0, -0.944644392, 0, -0.328096211",
      Unit_Id= "1_408181",
      Unit= "Pumpkin",
    },
  [114] =     {
      Action= "Upgrade",
      Stamp= "-9.969600677490234, 4.349978446960449, 2.4532690048217773",
      Price= "10,000",
      cframe= "-9.96960068, 4.34997845, 2.453269, -0.66072607, 0, 0.7506271, 0, 1, -0, -0.7506271, 0, -0.66072607",
      Unit_Id= "1_408181",
      Unit= "Pumpkin",
    },
  [115] =     {
      Action= "Sell",
      Stamp= "0.1593160629272461, 4.1249847412109375, 4.672884941101074",
      cframe= "0.159316063, 4.12498474, 4.67288494, 1, 0, 0, 0, 1, 0, 0, 0, 1",
      Unit_Id= "1_405939",
      Unit= "Arcade",
    },
  [116] =     {
      Action= "Sell",
      Stamp= "0.8199939727783203, 4.124969482421875, 9.395092010498047",
      cframe= "0.819993973, 4.12496948, 9.39509201, 1, 0, 0, 0, 1, 0, 0, 0, 1",
      Unit_Id= "1_405812",
      Unit= "Arcade",
    },
  [117] =     {
      Action= "Sell",
      Stamp= "1.3273391723632812, 4.124953269958496, 14.205215454101562",
      cframe= "1.32733917, 4.12495327, 14.2052155, 1, 0, 0, 0, 1, 0, 0, 0, 1",
      Unit_Id= "1_405661",
      Unit= "Arcade",
    },
  [118] =     {
      Action= "Sell",
      Stamp= "1.1810626983642578, 4.124940395355225, 18.274608612060547",
      cframe= "1.1810627, 4.1249404, 18.2746086, 1, 0, 0, 0, 1, 0, 0, 0, 1",
      Unit_Id= "1_405519",
      Unit= "Arcade",
    },
  [119] =     {
      Action= "Sell",
      Stamp= "5.967990875244141, 4.124940872192383, 18.12600326538086",
      Price= "5,000",
      cframe= "5.96799088, 4.12494087, 18.1260033, 1, 0, 0, 0, 1, 0, 0, 0, 1",
      Unit_Id= "1_403827",
      Unit= "Arcade",
    },
  [120] =     {
      Action= "Sell",
      Stamp= "6.081403732299805, 4.124955654144287, 13.762628555297852",
      Price= "5,000",
      cframe= "6.08140373, 4.12495565, 13.7626286, 1, 0, 0, 0, 1, 0, 0, 0, 1",
      Unit_Id= "1_403960",
      Unit= "Arcade",
    },
  [121] =     {
      Action= "Sell",
      Stamp= "5.421019554138184, 4.124969482421875, 9.50756549835205",
      Price= "5,000",
      cframe= "5.42101955, 4.12496948, 9.5075655, 1, 0, 0, 0, 1, 0, 0, 0, 1",
      Unit_Id= "1_405271",
      Unit= "Arcade",
    },
  [122] =     {
      Action= "Sell",
      Stamp= "4.768149375915527, 4.150757789611816, 4.784016132354736",
      Price= "5,000",
      cframe= "4.76814938, 4.15075779, 4.78401613, 1, 0, 0, 0, 1, 0, 0, 0, 1",
      Unit_Id= "1_405385",
      Unit= "Arcade",
    },
  [123] =     {
      Action= "Upgrade",
      Stamp= "-19.838577270507812, 4.349985599517822, -3.4226913452148438",
      Price= "10,000",
      cframe= "-19.8385773, 4.3499856, -3.42269135, -0.942970097, 0, 0.332877517, 0, 1, -0, -0.332877517, 0, -0.942970097",
      Unit_Id= "1_409569",
      Unit= "Pumpkin",
    },
  [124] =     {
      Rotation= "0, 0, 0, 1, 0, 0, 0, 1, 0, 0, 0, 1",
      Action= "Place",
      Position= "-7.522688388824463, 2.9999160766601562, -2.893825054168701",
      Price= 2000,
      cframe= "-7.52268839, 2.99991608, -2.89382505, 1, 0, 0, 0, 1, 0, 0, 0, 1",
      Unit_Id= "1_414344",
      Unit= "Minigunner",
    },
  [125] =     {
      Action= "Upgrade",
      Stamp= "-7.522688388824463, 4.349915981292725, -2.893825054168701",
      Price= "750",
      cframe= "-7.52268839, 4.34991598, -2.89382505, -0.847081006, 0, 0.531463861, 0, 1, -0, -0.531463861, 0, -0.847081006",
      Unit_Id= "1_414344",
      Unit= "Pumpkin",
    },
  [126] =     {
      Action= "Upgrade",
      Stamp= "-7.522688388824463, 4.349915981292725, -2.893825054168701",
      Price= "2,000",
      cframe= "-7.52268839, 4.34991598, -2.89382505, -0.754948556, 0, 0.65578407, 0, 1, -0, -0.65578407, 0, -0.754948556",
      Unit_Id= "1_414344",
      Unit= "Pumpkin",
    },
  [127] =     {
      Action= "Upgrade",
      Stamp= "-7.522688388824463, 4.349915981292725, -2.893825054168701",
      Price= "7,500",
      cframe= "-7.52268839, 4.34991598, -2.89382505, -0.843446314, 0, 0.537213445, 0, 1, -0, -0.537213445, 0, -0.843446314",
      Unit_Id= "1_414344",
      Unit= "Pumpkin",
    },
  [128] =     {
      Action= "Upgrade",
      Stamp= "-7.522688388824463, 4.349915981292725, -2.893825054168701",
      Price= "10,000",
      cframe= "-7.52268839, 4.34991598, -2.89382505, -0.804382563, 0, 0.5941118, 0, 1.00000012, -0, -0.5941118, 0, -0.804382563",
      Unit_Id= "1_414344",
      Unit= "Pumpkin",
    },
  [129] =     {
      Rotation= "0, 0, 0, 1, 0, 0, 0, 1, 0, 0, 0, 1",
      Action= "Place",
      Position= "-23.6334285736084, 2.999988555908203, -4.803267002105713",
      Price= 2000,
      cframe= "-23.6334286, 2.99998856, -4.803267, 1, 0, 0, 0, 1, 0, 0, 0, 1",
      Unit_Id= "1_414763",
      Unit= "Minigunner",
    },
  [130] =     {
      Action= "Upgrade",
      Stamp= "-23.6334285736084, 4.3499884605407715, -4.803267002105713",
      Price= "750",
      cframe= "-23.6334286, 4.34998846, -4.803267, -0.834855318, -0, -0.550469458, -0, 1, -0, 0.550469458, 0, -0.834855318",
      Unit_Id= "1_414763",
      Unit= "Pumpkin",
    },
  [131] =     {
      Action= "Upgrade",
      Stamp= "-23.6334285736084, 4.3499884605407715, -4.803267002105713",
      Price= "2,000",
      cframe= "-23.6334286, 4.34998846, -4.803267, -0.802099526, -0, -0.59719044, -0, 1, -0, 0.597190499, 0, -0.802099407",
      Unit_Id= "1_414763",
      Unit= "Pumpkin",
    },
  [132] =     {
      Action= "Upgrade",
      Stamp= "-23.6334285736084, 4.3499884605407715, -4.803267002105713",
      Price= "7,500",
      cframe= "-23.6334286, 4.34998846, -4.803267, -0.979916096, -0, -0.199410364, -0, 1, -0, 0.199410364, 0, -0.979916096",
      Unit_Id= "1_414763",
      Unit= "Pumpkin",
    },
  [133] =     {
      Action= "Upgrade",
      Stamp= "-23.6334285736084, 4.3499884605407715, -4.803267002105713",
      Price= "10,000",
      cframe= "-23.6334286, 4.34998846, -4.803267, -0.996687174, -0, -0.0813305676, -0, 1, -0, 0.0813305676, 0, -0.996687174",
      Unit_Id= "1_414763",
      Unit= "Pumpkin",
    },
}; function Royx_hub()  return {a,"Portland"} end  return Royx_hub() 
