local v0 = {
    Name = "Default Weapon", 
    Desc = "A basic weapon for beginners.", 
    Rarity = "Common", 
    Image = "", 
    EquipType = "WeaponRight", 
    Damage = 10
};
local v1 = {
    SpikeMace = {
        Name = "Spiked Maul", 
        Desc = "A brutal mace covered in deadly spikes for maximum damage.", 
        Rarity = "Common", 
        Image = "rbxassetid://77043465336162", 
        EquipType = "WeaponRight", 
        Welds = {
            [1] = {
                Part1 = "Torso", 
                Part2 = "Torso", 
                WeldC1 = CFrame.new(0.127807617, 0.264313698, 1.82659912, -0.711182714, -0.703013837, 3.78887606E-8, 0.703013837, -0.711182714, 2.59622333E-8, 8.69395222E-9, 4.50998066E-8, 1), 
                WeldC2 = CFrame.new(0, 0, 0, 1, 0, 0, 0, 1, 0, 0, 0, 1)
            }
        }, 
        UseWeld = {
            [1] = {
                Part1 = "Right Arm", 
                Part2 = "Right Arm", 
                WeldC1 = CFrame.new(0.0040435791, -0.905999899, -1.20515442, -7.11311237E-4, 0.00351846172, 0.999993563, -0.999348998, 0.0360681899, -8.37758009E-4, -0.0360709019, -0.999343157, 0.00349051529), 
                WeldC2 = CFrame.new(0, 0, 0, 1, 0, 0, 0, 1, 0, 0, 0, 1)
            }
        }, 
        Damage = 3, 
        CanSell = true, 
        SellPrice = 5
    }, 
    GemStaff = {
        Name = "Jeweled Rod", 
        Desc = "A staff adorned with a radiant gemstone at its core.", 
        Rarity = "Common", 
        Image = "rbxassetid://99204388818487", 
        EquipType = "WeaponLeft", 
        Welds = {
            [1] = {
                Part1 = "Torso", 
                Part2 = "Torso", 
                WeldC1 = CFrame.new(-0.197509766, 0.231338024, 1.36901855, 0.771347463, -0.63641572, 1.73427295E-9, 0.63641572, 0.771347463, -1.45209806E-14, -1.33771738E-9, 1.10372922E-9, 1), 
                WeldC2 = CFrame.new(0, 0, 0, 1, 0, 0, 0, 1, 0, 0, 0, 1)
            }
        }, 
        UseWeld = {
            [1] = {
                Part1 = "Left Arm", 
                Part2 = "Right Arm", 
                WeldC1 = CFrame.new(-0.0713806152, -0.906353712, -1.41838074, -7.11314031E-4, 0.00351851922, 0.999993563, -0.999352932, 0.0360683315, -8.3775958E-4, -0.0360710435, -0.999347091, 0.00349055906), 
                WeldC2 = CFrame.new(0, 0, 0, 1, 0, 0, 0, 1, 0, 0, 0, 1)
            }
        }, 
        Damage = 7, 
        CanSell = true, 
        SellPrice = 7
    }, 
    DualKando = {
        Name = "Twin Kando Blades", 
        Desc = "A pair of sleek and deadly Kando blades.", 
        Rarity = "Common", 
        Image = "rbxassetid://139743378958371", 
        EquipType = "DualDagger", 
        Welds = {
            [1] = {
                Part1 = "Torso", 
                Part2 = "Torso1", 
                WeldC1 = CFrame.new(1.25, -1.31681108, 0.451904297, -1.08059261E-7, -1.54570472E-7, -1.00000048, -0.866025746, -0.500000238, 1.70867324E-7, -0.5, 0.866025329, -7.98322972E-8), 
                WeldC2 = CFrame.new(0, 0, 0, 1, 0, 0, 0, 1, 0, 0, 0, 1)
            }, 
            [2] = {
                Part1 = "Torso", 
                Part2 = "Torso2", 
                WeldC1 = CFrame.new(-1.25, -1.31681073, 0.451904297, -1.26986862E-7, -1.2178694E-7, -1.00000048, -0.866025805, -0.500000298, 1.70867324E-7, -0.50000006, 0.866025388, -4.19771204E-8), 
                WeldC2 = CFrame.new(0, 0, 0, 1, 0, 0, 0, 1, 0, 0, 0, 1)
            }
        }, 
        UseWeld = {
            [1] = {
                Part1 = "Left Arm", 
                Part2 = "Left Arm", 
                WeldC1 = CFrame.new(0.108596802, -0.905999899, -1.41866684, -7.11299421E-4, 0.00351846381, 0.999993563, -0.999348879, 0.0360715203, -8.37758125E-4, -0.036074236, -0.999343038, 0.00349051575), 
                WeldC2 = CFrame.new(0, 0, 0, 1, 0, 0, 0, 1, 0, 0, 0, 1)
            }, 
            [2] = {
                Part1 = "Right Arm", 
                Part2 = "Right Arm", 
                WeldC1 = CFrame.new(-0.00428771973, -0.908094406, -1.409935, -7.11280562E-4, 0.00351843098, 0.999993563, -0.999348879, 0.0360715277, -8.37738044E-4, -0.0360742398, -0.999343038, 0.00349048339), 
                WeldC2 = CFrame.new(0, 0, 0, 1, 0, 0, 0, 1, 0, 0, 0, 1)
            }
        }, 
        Damage = 15, 
        CanSell = true, 
        SellPrice = 15
    }, 
    CrystalScepter = {
        Name = "Prism Scepter", 
        Desc = "A scepter radiating with the clarity of a perfect crystal.", 
        Rarity = "Common", 
        Image = "rbxassetid://80447223027385", 
        EquipType = "WeaponRight", 
        Welds = {
            [1] = {
                Part1 = "Torso", 
                Part2 = "Torso", 
                WeldC1 = CFrame.new(-0.260498047, 0.435867548, 1.15460205, 0.73677814, -0.676134765, -9.52411483E-10, 0.676134706, 0.73677814, -9.31322575E-10, -7.01716074E-10, 6.43958498E-10, 1), 
                WeldC2 = CFrame.new(0, 0, 0, 1, 0, 0, 0, 1, 0, 0, 0, 1)
            }
        }, 
        UseWeld = {
            [1] = {
                Part1 = "Right Arm", 
                Part2 = "Right Arm", 
                WeldC1 = CFrame.new(0.0040435791, -0.905999899, -1.32555389, -7.11319619E-4, 0.00351845892, 0.999993563, -0.999349713, 0.0360684395, -8.3775114E-4, -0.0360707454, -0.999344945, 0.00349052483), 
                WeldC2 = CFrame.new(0, 0, 0, 1, 0, 0, 0, 1, 0, 0, 0, 1)
            }
        }, 
        Damage = 31, 
        CanSell = true, 
        SellPrice = 31
    }, 
    DualBoneMace = {
        Name = "Twin Bone Crushers", 
        Desc = "Two heavy maces capable of shattering bones with ease.", 
        Rarity = "Common", 
        Image = "rbxassetid://114033546858188", 
        EquipType = "DualDagger", 
        Welds = {
            [1] = {
                Part1 = "Torso", 
                Part2 = "Torso1", 
                WeldC1 = CFrame.new(-1.25, -1.36912525, 0.87298584, 1, 5.70038283E-9, 3.36396191E-8, 3.32770895E-8, -0.380645573, -0.924721003, 5.62868507E-9, 0.924721003, -0.380645573), 
                WeldC2 = CFrame.new(0, 0, 0, 1, 0, 0, 0, 1, 0, 0, 0, 1)
            }, 
            [2] = {
                Part1 = "Torso", 
                Part2 = "Torso2", 
                WeldC1 = CFrame.new(1.25, -1.36912525, 0.87298584, 1, 1.04860955E-8, 5.78384096E-8, 5.74758801E-8, -0.380645573, -0.924721003, 1.04143965E-8, 0.924721003, -0.380645573), 
                WeldC2 = CFrame.new(0, 0, 0, 1, 0, 0, 0, 1, 0, 0, 0, 1)
            }
        }, 
        UseWeld = {
            [1] = {
                Part1 = "Left Arm", 
                Part2 = "Left Arm", 
                WeldC1 = CFrame.new(-0.059967041, -0.905999899, -1.41866684, -1, 0, 0, 0, 0, -1, 0, -1, 0), 
                WeldC2 = CFrame.new(0, 0, 0, 1, 0, 0, 0, 1, 0, 0, 0, 1)
            }, 
            [2] = {
                Part1 = "Right Arm", 
                Part2 = "Right Arm", 
                WeldC1 = CFrame.new(0.0040435791, -0.905999899, -1.41866684, -1, -7.33313215E-8, -4.95118719E-8, 3.79109011E-8, 1.29472851E-15, -0.999999881, 1.01514225E-7, -0.999999881, 2.41777995E-15), 
                WeldC2 = CFrame.new(0, 0, 0, 1, 0, 0, 0, 1, 0, 0, 0, 1)
            }
        }, 
        Damage = 62, 
        CanSell = true, 
        SellPrice = 62
    }, 
    DualSteelNaginata = {
        Name = "Twin Iron Naginatas", 
        Desc = "Two long weapons ideal for sweeping attacks.", 
        Rarity = "Common", 
        Image = "rbxassetid://84315814583606", 
        EquipType = "DualWeapon", 
        Welds = {
            [1] = {
                Part1 = "Torso", 
                Part2 = "Torso", 
                WeldC1 = CFrame.new(0.0450439453, 0.0915100574, 1.75268555, -0.642789543, 0.766046524, 1.73426495E-9, -0.766046524, -0.642789543, -3.64288711E-15, 1.11475906E-9, -1.32854006E-9, 1), 
                WeldC2 = CFrame.new(0, 0, 0, 1, 0, 0, 0, 1, 0, 0, 0, 1)
            }
        }, 
        UseWeld = {
            [1] = {
                Part1 = "Left Arm", 
                Part2 = "Left Arm", 
                WeldC1 = CFrame.new(-0.0551605225, -0.900096893, -2.19364548, -7.11311237E-4, 0.00351846172, 0.999993563, -0.999348998, 0.0360681862, -8.37758067E-4, -0.0360709019, -0.999343157, 0.00349051529), 
                WeldC2 = CFrame.new(0, 0, 0, 1, 0, 0, 0, 1, 0, 0, 0, 1)
            }, 
            [2] = {
                Part1 = "Right Arm", 
                Part2 = "Right Arm", 
                WeldC1 = CFrame.new(-0.0239944458, -0.901100159, -2.49510193, -7.11311121E-4, 0.00351846148, 0.999993563, -0.999348998, 0.0360681713, -8.37757892E-4, -0.036070887, -0.999343157, 0.00349051529), 
                WeldC2 = CFrame.new(0, 0, 0, 1, 0, 0, 0, 1, 0, 0, 0, 1)
            }
        }, 
        Damage = 125, 
        CanSell = true, 
        SellPrice = 125
    }, 
    WyvernSlayer = {
        Name = "Wyvern Vanquisher", 
        Desc = "A powerful blade designed to slay even the mightiest wyverns.", 
        Rarity = "Rare", 
        Image = "rbxassetid://72195144050480", 
        EquipType = "WeaponRight", 
        Welds = {
            [1] = {
                Part1 = "Torso", 
                Part2 = "Torso", 
                WeldC1 = CFrame.new(0.0952148438, 0.0821895599, 1.10571289, -0.649065197, -3.57054759E-8, -0.760733962, 0.760733962, -1.30736506E-8, -0.649065197, 1.32295881E-8, -1, 3.56479539E-8), 
                WeldC2 = CFrame.new(0, 0, 0, 1, 0, 0, 0, 1, 0, 0, 0, 1)
            }
        }, 
        UseWeld = {
            [1] = {
                Part1 = "Right Arm", 
                Part2 = "Right Arm", 
                WeldC1 = CFrame.new(0.0040435791, -0.905999899, -2.64696503, -0.0360682011, -0.999349356, 2.7521453E-13, -0.999349356, 0.0360682011, -9.93295463E-15, -4.23513343E-22, -2.75393694E-13, -1), 
                WeldC2 = CFrame.new(0, 0, 0, 1, 0, 0, 0, 1, 0, 0, 0, 1)
            }
        }, 
        Damage = 450, 
        CanSell = true, 
        SellPrice = 1500
    }, 
    MonsterSlayer = {
        Name = "Beast Bane", 
        Desc = "A legendary weapon used to defeat monstrous creatures.", 
        Rarity = "Common", 
        Image = "rbxassetid://109231231340988", 
        EquipType = "WeaponRight", 
        Welds = {
            [1] = {
                Part1 = "Torso", 
                Part2 = "Torso", 
                WeldC1 = CFrame.new(0, 1.90734863E-6, 1.14898682, -0.683466792, -0.729988158, 7.15902715E-9, 0.729988158, -0.683466792, -5.12452925E-9, 8.63370886E-9, 1.72354908E-9, 1), 
                WeldC2 = CFrame.new(0, 0, 0, 1, 0, 0, 0, 1, 0, 0, 0, 1)
            }
        }, 
        UseWeld = {
            [1] = {
                Part1 = "Right Arm", 
                Part2 = "Right Arm", 
                WeldC1 = CFrame.new(0.0040435791, -0.905999899, -2.0990448, -7.11311237E-4, 0.00351846172, 0.999993563, -0.999348998, 0.0360681899, -8.37758009E-4, -0.0360709019, -0.999343157, 0.00349051529), 
                WeldC2 = CFrame.new(0, 0, 0, 1, 0, 0, 0, 1, 0, 0, 0, 1)
            }
        }, 
        Damage = 251, 
        CanSell = true, 
        SellPrice = 250
    }, 
    DualBasicStaffs = {
        Name = "Twin Simple Wands", 
        Desc = "A pair of basic wands for beginner spellcasters.", 
        Rarity = "Common", 
        Image = "rbxassetid://89839398298916", 
        EquipType = "DualWeapon", 
        Welds = {
            [1] = {
                Part1 = "Torso", 
                Part2 = "Torso", 
                WeldC1 = CFrame.new(-0.125366211, 0.0911517143, 1.13311768, 0.713250458, -0.700909257, 2.77804837E-8, 0.700909257, 0.713250458, -3.11771693E-8, -2.03792405E-9, 4.5714053E-8, 1), 
                WeldC2 = CFrame.new(0, 0, 0, 1, 0, 0, 0, 1, 0, 0, 0, 1)
            }
        }, 
        UseWeld = {
            [1] = {
                Part1 = "Left Arm", 
                Part2 = "Left Arm", 
                WeldC1 = CFrame.new(-0.0309066772, -0.857431889, -0.816127777, -7.11385976E-4, 0.00351848523, 0.999993563, -0.999346852, 0.0360681191, -8.37733969E-4, -0.0360708274, -0.999341011, 0.00349045126), 
                WeldC2 = CFrame.new(0, 0, 0, 1, 0, 0, 0, 1, 0, 0, 0, 1)
            }, 
            [2] = {
                Part1 = "Right Arm", 
                Part2 = "Right Arm", 
                WeldC1 = CFrame.new(-0.0272979736, -0.833772659, -1.41866684, -7.11334986E-4, 0.00351848197, 0.999993563, -0.999347925, 0.0360681564, -8.37732689E-4, -0.0360708684, -0.999342084, 0.00349049224), 
                WeldC2 = CFrame.new(0, 0, 0, 1, 0, 0, 0, 1, 0, 0, 0, 1)
            }
        }, 
        Damage = 503, 
        CanSell = true, 
        SellPrice = 500
    }, 
    PirateSaber = {
        Name = "Corsair Blade", 
        Desc = "A saber favored by notorious pirates.", 
        Rarity = "Common", 
        Image = "rbxassetid://71096268010342", 
        EquipType = "WeaponRight", 
        Welds = {
            [1] = {
                Part1 = "Torso", 
                Part2 = "Torso", 
                WeldC1 = CFrame.new(0.141967773, 0.24094367, 0.862426758, 0.743145347, -0.669131458, 6.57881074E-8, -0.669131458, -0.743145347, -4.45108803E-8, 7.86736081E-8, -1.09428218E-8, -1), 
                WeldC2 = CFrame.new(0, 0, 0, 1, 0, 0, 0, 1, 0, 0, 0, 1)
            }
        }, 
        UseWeld = {
            [1] = {
                Part1 = "Right Arm", 
                Part2 = "Right Arm", 
                WeldC1 = CFrame.new(0.0040435791, -0.905999899, -1.15156555, -7.11311237E-4, 0.00351846172, 0.999993563, -0.999348998, 0.0360681862, -8.37758067E-4, -0.0360709019, -0.999343157, 0.00349051529), 
                WeldC2 = CFrame.new(0, 0, 0, 1, 0, 0, 0, 1, 0, 0, 0, 1)
            }
        }, 
        Damage = 1007, 
        CanSell = true, 
        SellPrice = 1000
    }, 
    MixedBattleAxe = {
        Name = "Hybrid War Axe", 
        Desc = "An axe combining styles for maximum versatility in battle.", 
        Rarity = "Common", 
        Image = "rbxassetid://80518521831571", 
        EquipType = "WeaponLeft", 
        Welds = {
            [1] = {
                Part1 = "Torso", 
                Part2 = "Torso", 
                WeldC1 = CFrame.new(-0.124816895, 0.178305626, 0.870666504, 0.647735298, -0.761865497, -2.03437438E-7, 0.761865497, 0.647735298, 1.15248149E-7, 4.39700152E-8, -2.29642254E-7, 1), 
                WeldC2 = CFrame.new(0, 0, 0, 1, 0, 0, 0, 1, 0, 0, 0, 1)
            }
        }, 
        UseWeld = {
            [1] = {
                Part1 = "Left Arm", 
                Part2 = "Right Arm", 
                WeldC1 = CFrame.new(-0.0813903809, -0.906740427, -1.25749207, -7.11267174E-4, 0.00351822306, 0.999993563, -0.999348998, 0.0360680073, -8.37704807E-4, -0.0360707231, -0.999343157, 0.0034902785), 
                WeldC2 = CFrame.new(0, 0, 0, 1, 0, 0, 0, 1, 0, 0, 0, 1)
            }
        }, 
        Damage = 2015, 
        CanSell = true, 
        SellPrice = 2000
    }, 
    BronzeGreatAxe = {
        Name = "Bronze War Axe", 
        Desc = "A heavy war axe made from polished bronze.", 
        Rarity = "Common", 
        Image = "rbxassetid://107532021386462", 
        EquipType = "WeaponRight", 
        Welds = {
            [1] = {
                Part1 = "Torso", 
                Part2 = "Torso", 
                WeldC1 = CFrame.new(0.196166992, -0.0620040894, 1.11688232, 0.685703695, 0.727880776, -9.52411483E-10, -0.727880776, 0.685703695, 0, -6.53072096E-10, -6.93242019E-10, 1), 
                WeldC2 = CFrame.new(0, 0, 0, 1, 0, 0, 0, 1, 0, 0, 0, 1)
            }
        }, 
        UseWeld = {
            [1] = {
                Part1 = "Right Arm", 
                Part2 = "Right Arm", 
                WeldC1 = CFrame.new(0.0040435791, -0.995595217, -1.20321655, -7.11311062E-4, 0.00351846102, 0.999993563, -0.999348819, 0.0360681787, -8.37758009E-4, -0.0360708907, -0.999342978, 0.00349051529), 
                WeldC2 = CFrame.new(0, 0, 0, 1, 0, 0, 0, 1, 0, 0, 0, 1)
            }
        }, 
        Damage = 4031, 
        CanSell = true, 
        SellPrice = 4000
    }, 
    DualAncientMace = {
        Name = "Twin Relic Maces", 
        Desc = "Two ancient maces with relic-like craftsmanship.", 
        Rarity = "Common", 
        Image = "rbxassetid://122559862200516", 
        EquipType = "DualDagger", 
        Welds = {
            [1] = {
                Part1 = "Torso", 
                Part2 = "Torso2", 
                WeldC1 = CFrame.new(-1.25, -1.5480634, 0.865600586, 5.59962798E-10, 4.48995969E-8, 1, 0.904583633, -0.426296204, 1.86339957E-8, 0.426296204, 0.904583633, -4.65686227E-8), 
                WeldC2 = CFrame.new(0, 0, 0, 1, 0, 0, 0, 1, 0, 0, 0, 1)
            }, 
            [2] = {
                Part1 = "Torso", 
                Part2 = "Torso1", 
                WeldC1 = CFrame.new(1.25, -1.5480634, 0.865600586, 5.59962798E-10, 4.48995969E-8, 1, 0.904583633, -0.426296204, 1.86339957E-8, 0.426296204, 0.904583633, -4.65686227E-8), 
                WeldC2 = CFrame.new(0, 0, 0, 1, 0, 0, 0, 1, 0, 0, 0, 1)
            }
        }, 
        UseWeld = {
            [1] = {
                Part1 = "Left Arm", 
                Part2 = "Left Arm", 
                WeldC1 = CFrame.new(0.0534820557, -0.905999899, -1.41866684, -7.11324275E-4, 0.00351843424, 0.999993563, -0.999348998, 0.0360681899, -8.37746018E-4, -0.0360709019, -0.999343157, 0.00349054323), 
                WeldC2 = CFrame.new(0, 0, 0, 1, 0, 0, 0, 1, 0, 0, 0, 1)
            }, 
            [2] = {
                Part1 = "Right Arm", 
                Part2 = "Right Arm", 
                WeldC1 = CFrame.new(-0.0325927734, -0.908094168, -1.40993881, -7.11324275E-4, 0.00351843424, 0.999993563, -0.999348998, 0.0360681899, -8.37746018E-4, -0.0360709019, -0.999343157, 0.00349054323), 
                WeldC2 = CFrame.new(0, 0, 0, 1, 0, 0, 0, 1, 0, 0, 0, 1)
            }
        }, 
        Damage = 8063, 
        CanSell = true, 
        SellPrice = 8000
    }, 
    TrollSlayer = {
        Name = "Troll Bane", 
        Desc = "A weapon designed specifically to bring down trolls.", 
        Rarity = "Rare", 
        Image = "rbxassetid://97041040331116", 
        EquipType = "WeaponRight", 
        Welds = {
            [1] = {
                Part1 = "Torso", 
                Part2 = "Torso", 
                WeldC1 = CFrame.new(-7.93457031E-4, -9.06944275E-4, 0.99005127, -0.759900272, -0.650039673, 3.57056429E-8, 0.650039673, -0.759900331, 1.30737146E-8, 1.86343012E-8, 3.31448042E-8, 1), 
                WeldC2 = CFrame.new(0, 0, 0, 1, 0, 0, 0, 1, 0, 0, 0, 1)
            }
        }, 
        UseWeld = {
            [1] = {
                Part1 = "Right Arm", 
                Part2 = "Right Arm", 
                WeldC1 = CFrame.new(0.0040435791, -0.905999899, -2.11860657, -7.11311237E-4, 0.00351846172, 0.999993563, -0.999348998, 0.0360681899, -8.37758009E-4, -0.0360709019, -0.999343157, 0.00349051529), 
                WeldC2 = CFrame.new(0, 0, 0, 1, 0, 0, 0, 1, 0, 0, 0, 1)
            }
        }, 
        Damage = 25000, 
        CanSell = true, 
        SellPrice = 25000
    }, 
    DualPirateSaber = {
        Name = "Twin Corsair Blades", 
        Desc = "Two curved blades favored by cunning pirates.", 
        Rarity = "Common", 
        Image = "rbxassetid://110664031883348", 
        EquipType = "DualDagger", 
        Welds = {
            [1] = {
                Part1 = "Torso", 
                Part2 = "Torso1", 
                WeldC1 = CFrame.new(-1.25, -1.46356332, -0.0997924805, -1.7364431E-7, -1.23006032E-7, -1.00000095, -0.914000154, -0.4057163, 2.08616257E-7, -0.405715913, 0.913999259, -4.19771098E-8), 
                WeldC2 = CFrame.new(0, 0, 0, 1, 0, 0, 0, 1, 0, 0, 0, 1)
            }, 
            [2] = {
                Part1 = "Torso", 
                Part2 = "Torso2", 
                WeldC1 = CFrame.new(1.25, -1.4635638, -0.0997924805, -1.7364431E-7, -1.23006032E-7, -1.00000095, -0.914000154, -0.4057163, 2.08616257E-7, -0.405715913, 0.913999259, -4.19771098E-8), 
                WeldC2 = CFrame.new(0, 0, 0, 1, 0, 0, 0, 1, 0, 0, 0, 1)
            }
        }, 
        UseWeld = {
            [1] = {
                Part1 = "Left Arm", 
                Part2 = "Left Arm", 
                WeldC1 = CFrame.new(-0.0261688232, -0.904961824, -1.149086, -7.114248E-4, 0.00351847592, 0.999993563, -0.999348938, 0.0360697359, -8.37877451E-4, -0.0360724516, -0.999343097, 0.00349052413), 
                WeldC2 = CFrame.new(0, 0, 0, 1, 0, 0, 0, 1, 0, 0, 0, 1)
            }, 
            [2] = {
                Part1 = "Right Arm", 
                Part2 = "Right Arm", 
                WeldC1 = CFrame.new(0.0150985718, -0.907052279, -1.15546799, -7.114248E-4, 0.00351847592, 0.999993563, -0.999348938, 0.0360697359, -8.37877451E-4, -0.0360724516, -0.999343097, 0.00349052413), 
                WeldC2 = CFrame.new(0, 0, 0, 1, 0, 0, 0, 1, 0, 0, 0, 1)
            }
        }, 
        Damage = 16127, 
        CanSell = true, 
        SellPrice = 16000
    }, 
    DualSteelSabers = {
        Name = "Twin Iron Sabers", 
        Desc = "Two sabers crafted for speed and precision.", 
        Rarity = "Common", 
        Image = "rbxassetid://123893015414334", 
        EquipType = "DualDagger", 
        Welds = {
            [1] = {
                Part1 = "Torso", 
                Part2 = "Torso2", 
                WeldC1 = CFrame.new(-1.24993896, -1.42327869, 0.80645752, -1.33869037E-7, -1.25760593E-7, -1.00000477, -0.866029501, -0.500002444, 1.78814275E-7, -0.50000006, 0.866025388, -4.19771133E-8), 
                WeldC2 = CFrame.new(0, 0, 0, 1, 0, 0, 0, 1, 0, 0, 0, 1)
            }, 
            [2] = {
                Part1 = "Torso", 
                Part2 = "Torso1", 
                WeldC1 = CFrame.new(1.25006104, -1.4232955, 0.80645752, -1.33868639E-7, -1.25759868E-7, -1, -0.866026819, -0.499997556, 1.78813451E-7, -0.499997556, 0.866026819, -4.19774295E-8), 
                WeldC2 = CFrame.new(0, 0, 0, 1, 0, 0, 0, 1, 0, 0, 0, 1)
            }
        }, 
        UseWeld = {
            [1] = {
                Part1 = "Left Arm", 
                Part2 = "Left Arm", 
                WeldC1 = CFrame.new(-0.071723938, -0.904938698, -1.30738831, -7.11305474E-4, 0.00351850665, 0.999993563, -0.999348938, 0.0360698253, -8.37759639E-4, -0.036072541, -0.999343097, 0.00349055906), 
                WeldC2 = CFrame.new(0, 0, 0, 1, 0, 0, 0, 1, 0, 0, 0, 1)
            }, 
            [2] = {
                Part1 = "Right Arm", 
                Part2 = "Right Arm", 
                WeldC1 = CFrame.new(0.00760650635, -0.907020092, -1.29027939, -7.11308385E-4, 0.00351850595, 0.999993563, -0.999348998, 0.0360689908, -8.37759697E-4, -0.0360717066, -0.999343157, 0.00349055883), 
                WeldC2 = CFrame.new(0, 0, 0, 1, 0, 0, 0, 1, 0, 0, 0, 1)
            }
        }, 
        Damage = 32255, 
        CanSell = true, 
        SellPrice = 32000
    }, 
    SteelSaber = {
        Name = "Iron Saber", 
        Desc = "A sharp and durable saber forged from iron.", 
        Rarity = "Common", 
        Image = "rbxassetid://108067172285874", 
        EquipType = "WeaponRight", 
        Welds = {
            [1] = {
                Part1 = "Torso", 
                Part2 = "Torso", 
                WeldC1 = CFrame.new(0.184936523, 0.0417115688, 0.967285156, -0.701222003, -0.712947786, 7.15904136E-9, 0.712947786, -0.701222003, -5.12458254E-9, 8.67364136E-9, 1.51062074E-9, 1), 
                WeldC2 = CFrame.new(0, 0, 0, 1, 0, 0, 0, 1, 0, 0, 0, 1)
            }
        }, 
        UseWeld = {
            [1] = {
                Part1 = "Right Arm", 
                Part2 = "Right Arm", 
                WeldC1 = CFrame.new(0.0040435791, -0.944303274, -1.20044708, -7.11311412E-4, 0.00351846311, 0.999993563, -0.999349356, 0.0360682011, -8.37758009E-4, -0.0360709131, -0.999343514, 0.00349051529), 
                WeldC2 = CFrame.new(0, 0, 0, 1, 0, 0, 0, 1, 0, 0, 0, 1)
            }
        }, 
        Damage = 64512, 
        CanSell = true, 
        SellPrice = 64000
    }, 
    SteelButterfly = {
        Name = "Iron Wingblade", 
        Desc = "A light and sharp blade inspired by the wings of a butterfly.", 
        Rarity = "Common", 
        Image = "rbxassetid://83531574878225", 
        EquipType = "WeaponLeft", 
        Welds = {
            [1] = {
                Part1 = "Torso", 
                Part2 = "Torso", 
                WeldC1 = CFrame.new(-0.174621582, 0.541128397, 0.914245605, -0.629542708, 0.776968122, -2.68032796E-8, -0.776968122, -0.629542708, 2.23936176E-8, 5.25313126E-10, 3.49229161E-8, 1), 
                WeldC2 = CFrame.new(0, 0, 0, 1, 0, 0, 0, 1, 0, 0, 0, 1)
            }
        }, 
        UseWeld = {
            [1] = {
                Part1 = "Left Arm", 
                Part2 = "Right Arm", 
                WeldC1 = CFrame.new(0.0040435791, -0.905999899, -0.876110077, -7.11311237E-4, 0.00351846172, 0.999993563, -0.999348998, 0.0360681899, -8.37758009E-4, -0.0360709019, -0.999343157, 0.00349051529), 
                WeldC2 = CFrame.new(0, 0, 0, 1, 0, 0, 0, 1, 0, 0, 0, 1)
            }
        }, 
        Damage = 129025, 
        CanSell = true, 
        SellPrice = 120000
    }, 
    DualSteelButterfly = {
        Name = "Twin Iron Wingblades", 
        Desc = "Two blades inspired by the agility of a butterfly.", 
        Rarity = "Common", 
        Image = "rbxassetid://105573356545573", 
        EquipType = "DualDagger", 
        Welds = {
            [1] = {
                Part1 = "Torso", 
                Part2 = "Torso1", 
                WeldC1 = CFrame.new(1.25006104, -1.24100602, 0.00177001953, -1.52796702E-7, -1.36688385E-7, -1.00000286, -0.866027892, -0.50000149, 2.0067003E-7, -0.50000006, 0.866025388, -4.19771133E-8), 
                WeldC2 = CFrame.new(0, 0, 0, 1, 0, 0, 0, 1, 0, 0, 0, 1)
            }, 
            [2] = {
                Part1 = "Torso", 
                Part2 = "Torso2", 
                WeldC1 = CFrame.new(-1.24993896, -1.24073696, 0.00177001953, -1.52796702E-7, -1.36688385E-7, -1.00000286, -0.866027892, -0.50000149, 2.0067003E-7, -0.50000006, 0.866025388, -4.19771133E-8), 
                WeldC2 = CFrame.new(0, 0, 0, 1, 0, 0, 0, 1, 0, 0, 0, 1)
            }
        }, 
        UseWeld = {
            [1] = {
                Part1 = "Left Arm", 
                Part2 = "Left Arm", 
                WeldC1 = CFrame.new(0.049911499, -0.990949869, -0.984233856, -7.11311004E-4, 0.00351850549, 0.999993563, -0.999348998, 0.0360682458, -8.37759639E-4, -0.0360709615, -0.999343157, 0.00349055906), 
                WeldC2 = CFrame.new(0, 0, 0, 1, 0, 0, 0, 1, 0, 0, 0, 1)
            }, 
            [2] = {
                Part1 = "Right Arm", 
                Part2 = "Right Arm", 
                WeldC1 = CFrame.new(0.00955200195, -0.906937122, -1.02296066, -7.11311004E-4, 0.00351850549, 0.999993563, -0.999348998, 0.0360682458, -8.37759639E-4, -0.0360709615, -0.999343157, 0.00349055906), 
                WeldC2 = CFrame.new(0, 0, 0, 1, 0, 0, 0, 1, 0, 0, 0, 1)
            }
        }, 
        Damage = 258051, 
        CanSell = true, 
        SellPrice = 250000
    }, 
    SteelKando = {
        Name = "Iron Kando Blade", 
        Desc = "A sleek and sharp kando forged from iron.", 
        Rarity = "Common", 
        Image = "rbxassetid://110167113341853", 
        EquipType = "WeaponLeft", 
        Welds = {
            [1] = {
                Part1 = "Torso", 
                Part2 = "Torso", 
                WeldC1 = CFrame.new(-3.05175781E-4, 2.59399414E-4, 1.0916748, -0.656060517, 0.754710793, -2.58303832E-8, -0.754710793, -0.656060517, 2.35527509E-8, 8.29214364E-10, 3.49463605E-8, 1), 
                WeldC2 = CFrame.new(0, 0, 0, 1, 0, 0, 0, 1, 0, 0, 0, 1)
            }
        }, 
        UseWeld = {
            [1] = {
                Part1 = "Left Arm", 
                Part2 = "Right Arm", 
                WeldC1 = CFrame.new(0.0040435791, -0.874806881, -1.47987747, -7.11311062E-4, 0.00351846102, 0.999993563, -0.999348819, 0.0360681787, -8.37758009E-4, -0.0360708907, -0.999342978, 0.00349051529), 
                WeldC2 = CFrame.new(0, 0, 0, 1, 0, 0, 0, 1, 0, 0, 0, 1)
            }
        }, 
        Damage = 516103, 
        CanSell = true, 
        SellPrice = 500000
    }, 
    RuneSword = {
        Name = "Runic Blade", 
        Desc = "A sword etched with ancient and powerful runes.", 
        Rarity = "Rare", 
        Image = "rbxassetid://103689297962462", 
        EquipType = "WeaponRight", 
        Welds = {
            [1] = {
                Part1 = "Torso", 
                Part2 = "Torso", 
                WeldC1 = CFrame.new(0.061340332, 0.109022379, 1.01409912, 0.749497473, -0.662011504, -7.15904136E-9, -0.662011504, -0.749497473, 5.12454168E-9, -8.75814621E-9, 8.98535912E-10, -1), 
                WeldC2 = CFrame.new(0, 0, 0, 1, 0, 0, 0, 1, 0, 0, 0, 1)
            }
        }, 
        UseWeld = {
            [1] = {
                Part1 = "Right Arm", 
                Part2 = "Right Arm", 
                WeldC1 = CFrame.new(0.0040435791, -0.855265379, -2.43308258, -7.11311412E-4, 0.00351846311, 0.999993563, -0.999349356, 0.0360682011, -8.37758009E-4, -0.0360709131, -0.999343514, 0.00349051529), 
                WeldC2 = CFrame.new(0, 0, 0, 1, 0, 0, 0, 1, 0, 0, 0, 1)
            }
        }, 
        Damage = 1250000, 
        CanSell = true, 
        SellPrice = 1250000
    }, 
    SteelNaginata = {
        Name = "Iron Naginata", 
        Desc = "A traditional polearm with a deadly blade of iron.", 
        Rarity = "Common", 
        Image = "rbxassetid://131417410532062", 
        EquipType = "WeaponRight", 
        Welds = {
            [1] = {
                Part1 = "Torso", 
                Part2 = "Torso", 
                WeldC1 = CFrame.new(0.126220703, 0.311577082, 1.21875, 0.707108617, -0.707107186, 1.11172511E-7, -0.707107186, -0.707108617, 3.60332351E-8, 5.31314654E-8, -1.04089906E-7, -1), 
                WeldC2 = CFrame.new(0, 0, 0, 1, 0, 0, 0, 1, 0, 0, 0, 1)
            }
        }, 
        UseWeld = {
            [1] = {
                Part1 = "Right Arm", 
                Part2 = "Right Arm", 
                WeldC1 = CFrame.new(0.0040435791, -1.03711569, -1.45020676, -7.11309491E-4, 0.00351845357, 0.999993563, -0.999346614, 0.0360680968, -8.37758009E-4, -0.0360708088, -0.999340773, 0.00349051529), 
                WeldC2 = CFrame.new(0, 0, 0, 1, 0, 0, 0, 1, 0, 0, 0, 1)
            }
        }, 
        Damage = 1032206, 
        CanSell = true, 
        SellPrice = 1000000
    }, 
    GreatKopesh = {
        Name = "Titan Khopesh", 
        Desc = "An oversized khopesh wielded by titanic warriors.", 
        Rarity = "Common", 
        Image = "rbxassetid://114577081621553", 
        EquipType = "WeaponRight", 
        Welds = {
            [1] = {
                Part1 = "Torso", 
                Part2 = "Torso", 
                WeldC1 = CFrame.new(0.639892578, -0.014944315, 1.17364502, 0.749327779, 0.662204206, -3.26364216E-8, -0.662203968, 0.749327958, -2.76295964E-8, -8.75800676E-9, 4.28106262E-8, 1.00000024), 
                WeldC2 = CFrame.new(0, 0, 0, 1, 0, 0, 0, 1, 0, 0, 0, 1)
            }
        }, 
        UseWeld = {
            [1] = {
                Part1 = "Right Arm", 
                Part2 = "Right Arm", 
                WeldC1 = CFrame.new(0, 0, 0, 1, 0, 0, 0, 1, 0, 0, 0, 1), 
                WeldC2 = CFrame.new(-1.46829104, -1.8969326, 0.00155448914, -6.92605856E-4, -0.999347925, -0.0360995457, 0.00348746683, 0.0360969305, -0.999341965, 0.999993443, -8.17984343E-4, 0.00346016791)
            }
        }, 
        Damage = 2064412, 
        CanSell = true, 
        SellPrice = 2000000
    }, 
    BoneMace = {
        Name = "Bone Crusher", 
        Desc = "A mace made of bones, heavy and effective for combat.", 
        Rarity = "Common", 
        Image = "rbxassetid://93908798361937", 
        EquipType = "WeaponRight", 
        Welds = {
            [1] = {
                Part1 = "Torso", 
                Part2 = "Torso", 
                WeldC1 = CFrame.new(0.0317993164, -0.0111961365, 1.22967529, -0.725918233, -0.687780976, 5.14259124E-9, 0.675528109, -0.712985933, 0.187916726, -0.129245549, 0.136412174, 0.982184947), 
                WeldC2 = CFrame.new(0, 0, 0, 1, 0, 0, 0, 1, 0, 0, 0, 1)
            }
        }, 
        UseWeld = {
            [1] = {
                Part1 = "Right Arm", 
                Part2 = "Right Arm", 
                WeldC1 = CFrame.new(0.0040435791, -0.905999899, -1.130867, -1.49011612E-8, 1.49011612E-8, 1, -0.999999702, -2.4586916E-7, 1.49011612E-8, -2.4586916E-7, -0.999999702, -1.49011612E-8), 
                WeldC2 = CFrame.new(0, 0, 0, 1, 0, 0, 0, 1, 0, 0, 0, 1)
            }
        }, 
        Damage = 4128824, 
        CanSell = true, 
        SellPrice = 4000000
    }, 
    AncientMace = {
        Name = "Relic Mace", 
        Desc = "An ancient mace that holds the mysteries of the past.", 
        Rarity = "Common", 
        Image = "rbxassetid://126834448615172", 
        EquipType = "WeaponRight", 
        Welds = {
            [1] = {
                Part1 = "Torso", 
                Part2 = "Torso", 
                WeldC1 = CFrame.new(-0.335266113, -0.150901794, 1.39074707, -0.664262652, -0.747499287, 3.26742331E-8, 0.745233715, -0.662249386, 0.0777977034, -0.0581537038, 0.0516781323, 0.996969163), 
                WeldC2 = CFrame.new(0, 0, 0, 1, 0, 0, 0, 1, 0, 0, 0, 1)
            }
        }, 
        UseWeld = {
            [1] = {
                Part1 = "Right Arm", 
                Part2 = "Right Arm", 
                WeldC1 = CFrame.new(0.0163192749, -0.682104111, -1.69556427, 1.83296683E-10, 0.00771812815, -0.9999699, 1, 2.11875886E-8, 0, -2.37480116E-8, -0.9999699, -0.00771800149), 
                WeldC2 = CFrame.new(0, 0, 0, 1, 0, 0, 0, 1, 0, 0, 0, 1)
            }
        }, 
        Damage = 8257648, 
        CanSell = true, 
        SellPrice = 8000000
    }, 
    CrimsonStaff = {
        Name = "Scarlet Staff", 
        Desc = "A staff radiating with deep crimson magic.", 
        Rarity = "Common", 
        Image = "rbxassetid://139373078393706", 
        EquipType = "WeaponRight", 
        Welds = {
            [1] = {
                Part1 = "Torso", 
                Part2 = "Torso", 
                WeldC1 = CFrame.new(0.211914062, 0.203161478, 0.976928711, 0.766044259, 0.642787457, -9.52411483E-10, -0.642787457, 0.766044259, 1.90479143E-23, -7.29589333E-10, -6.1219807E-10, 1), 
                WeldC2 = CFrame.new(0, 0, 0, 1, 0, 0, 0, 1, 0, 0, 0, 1)
            }
        }, 
        UseWeld = {
            [1] = {
                Part1 = "Right Arm", 
                Part2 = "Right Arm", 
                WeldC1 = CFrame.new(0.0040435791, -0.905999899, -0.99665451, -7.11322878E-4, 0.00351845194, 0.999993563, -0.999348998, 0.0360681899, -8.37746717E-4, -0.0360709019, -0.999343157, 0.00349052553), 
                WeldC2 = CFrame.new(0, 0, 0, 1, 0, 0, 0, 1, 0, 0, 0, 1)
            }
        }, 
        Damage = 16515296, 
        CanSell = true, 
        SellPrice = 16000000
    }, 
    GreatSaber = {
        Name = "Colossal Saber", 
        Desc = "A massive saber built for strength and precision.", 
        Rarity = "Common", 
        Image = "rbxassetid://116281173672114", 
        EquipType = "WeaponLeft", 
        Welds = {
            [1] = {
                Part1 = "Torso", 
                Part2 = "Torso", 
                WeldC1 = CFrame.new(0.0121459961, 0.245516777, 1.06738281, -0.67166239, 0.740857422, 1.59668936E-8, -0.740857422, -0.67166245, -1.31099913E-8, 1.01172792E-9, -2.0634678E-8, 1), 
                WeldC2 = CFrame.new(0, 0, 0, 1, 0, 0, 0, 1, 0, 0, 0, 1)
            }
        }, 
        UseWeld = {
            [1] = {
                Part1 = "Left Arm", 
                Part2 = "Right Arm", 
                WeldC1 = CFrame.new(0.00403594971, -0.648299456, -1.66149902, -7.11311237E-4, 0.00351844984, 0.999993563, -0.999348998, 0.0360681899, -8.37757601E-4, -0.0360709019, -0.999343157, 0.00349050341), 
                WeldC2 = CFrame.new(0, 0, 0, 1, 0, 0, 0, 1, 0, 0, 0, 1)
            }
        }, 
        Damage = 33000000, 
        CanSell = true, 
        SellPrice = 33000000
    }, 
    SteelScythe = {
        Name = "Iron Scythe", 
        Desc = "A durable scythe forged from strong iron.", 
        Rarity = "Rare", 
        Image = "rbxassetid://78222396302451", 
        EquipType = "WeaponRight", 
        Welds = {
            [1] = {
                Part1 = "Torso", 
                Part2 = "Torso", 
                WeldC1 = CFrame.new(0.968322754, -0.752084732, 0.871398926, 0.678961217, 0.734174132, 5.76231294E-8, -0.734174132, 0.678961217, 7.19889854E-8, 1.37285783E-8, -9.11831464E-8, 1), 
                WeldC2 = CFrame.new(0, 0, 0, 1, 0, 0, 0, 1, 0, 0, 0, 1)
            }
        }, 
        UseWeld = {
            [1] = {
                Part1 = "Right Arm", 
                Part2 = "Right Arm", 
                WeldC1 = CFrame.new(0, 0, 0, 1, 0, 0, 0, 1, 0, 0, 0, 1), 
                WeldC2 = CFrame.new(-2.22355366, -1.22717285, -0.00130462646, -6.92605856E-4, -0.999347925, -0.0360995457, 0.00348746683, 0.0360969305, -0.999341965, 0.999993443, -8.17984343E-4, 0.00346016791)
            }
        }, 
        Damage = 70000000, 
        CanSell = true, 
        SellPrice = 70000000
    }, 
    DualGreatSaber = {
        Name = "Twin Colossal Sabers", 
        Desc = "A set of heavy sabers built for strength and precision.", 
        Rarity = "Common", 
        Image = "rbxassetid://119375723210709", 
        EquipType = "DualWeapon", 
        Welds = {
            [1] = {
                Part1 = "Torso", 
                Part2 = "Torso", 
                WeldC1 = CFrame.new(0.0121459961, 0.245517731, 1.28857422, 0.669130743, -0.743145168, -1.73426573E-9, -0.743145168, -0.669130743, 7.90853995E-15, -1.16045629E-9, 1.28880584E-9, -1), 
                WeldC2 = CFrame.new(0, 0, 0, 1, 0, 0, 0, 1, 0, 0, 0, 1)
            }
        }, 
        UseWeld = {
            [1] = {
                Part1 = "Left Arm", 
                Part2 = "Left Arm", 
                WeldC1 = CFrame.new(-0.022857666, -0.690695763, -1.64580536, -7.11313391E-4, 0.00351847336, 0.999993563, -0.999351859, 0.0360682905, -8.37758067E-4, -0.0360709988, -0.999346018, 0.00349051529), 
                WeldC2 = CFrame.new(0, 0, 0, 1, 0, 0, 0, 1, 0, 0, 0, 1)
            }, 
            [2] = {
                Part1 = "Right Arm", 
                Part2 = "Right Arm", 
                WeldC1 = CFrame.new(-0.0125198364, -0.732292414, -1.61941147, -7.11312285E-4, 0.0035184673, 0.999993563, -0.999350429, 0.0360682346, -8.37758009E-4, -0.0360709466, -0.999344587, 0.00349051529), 
                WeldC2 = CFrame.new(0, 0, 0, 1, 0, 0, 0, 1, 0, 0, 0, 1)
            }
        }, 
        Damage = 66000000, 
        CanSell = true, 
        SellPrice = 66000000
    }, 
    BasicStaff = {
        Name = "Simple Staff", 
        Desc = "A basic staff, perfect for novice magic users.", 
        Rarity = "Rare", 
        Image = "rbxassetid://73580574365269", 
        EquipType = "WeaponLeft", 
        Welds = {
            [1] = {
                Part1 = "Torso", 
                Part2 = "Torso", 
                WeldC1 = CFrame.new(-0.125366211, 0.0911517143, 1.13311768, 0.713250458, -0.700909257, 2.96853067E-8, 0.700909257, 0.713250458, -3.11771693E-8, -6.79308054E-10, 4.43789432E-8, 1), 
                WeldC2 = CFrame.new(0, 0, 0, 1, 0, 0, 0, 1, 0, 0, 0, 1)
            }
        }, 
        UseWeld = {
            [1] = {
                Part1 = "Left Arm", 
                Part2 = "Right Arm", 
